wl	n	k
301.41754	2.61555	0
303.01373	2.61006	0
304.61	2.60483	0
306.20624	2.59983	0
307.80255	2.59505	0
309.39886	2.59048	0
310.99524	2.58612	0
312.5916	2.58195	0
314.18805	2.57796	0
315.7845	2.57415	0
317.38095	2.5705	0
318.97748	2.56701	0
320.57397	2.56368	0
322.17053	2.56049	0
323.76712	2.55743	0
325.3637	2.55452	0
326.96036	2.55173	0
328.557	2.54906	0
330.1537	2.54651	0
331.7504	2.54407	0
333.3471	2.54174	0
334.94388	2.53952	0
336.54065	2.5374	0
338.13745	2.53537	0
339.73428	2.53344	0
341.33112	2.5316	0
342.92798	2.52984	0
344.52487	2.52817	0
346.12177	2.52658	0
347.71872	2.52507	0
349.31567	2.52364	0
350.91266	2.52228	0
352.5096	2.52099	0
354.10663	2.51978	0
355.70367	2.51863	0
357.30072	2.51754	0
358.89777	2.51653	0
360.49484	2.51557	0
362.09198	2.51467	0
363.68906	2.51384	0
365.2862	2.51306	0
366.88336	2.51234	0
368.48053	2.51167	0
370.0777	2.51106	0
371.6749	2.5105	0
373.27213	2.50999	0
374.86932	2.50954	0
376.46658	2.50913	0
378.06384	2.50878	0
379.6611	2.50847	0
381.25836	2.50821	0
382.85568	2.508	0
384.45297	2.50784	0
386.0503	2.50772	0
387.64764	2.50765	0
389.24496	2.50762	0
390.84235	2.50764	0
392.4397	2.5077	0
394.03705	2.50781	0
395.63446	2.50796	0
397.23184	2.50815	0
398.82922	2.50839	0
400.42664	2.50868	0
402.02405	2.509	0
403.6215	2.50938	0
405.21893	2.50979	0
406.81635	2.51025	0
408.4138	2.51076	0
410.01123	2.51131	0
411.6087	2.51191	0
413.2062	2.51255	0
414.80365	2.51324	0
416.40112	2.51398	0
417.9986	2.51476	0
419.5961	2.5156	0
421.19354	2.51648	0
422.79108	2.51742	0
424.38858	2.51841	0
425.98602	2.51945	0
427.58356	2.52055	0
429.18106	2.52171	0
430.77856	2.52292	0
432.37607	2.5242	0
433.97357	2.52553	0
435.57104	2.52694	0
437.16855	2.52841	0
438.76605	2.52995	0
440.3636	2.53157	0
441.9611	2.53326	0
443.5586	2.53504	0
445.1561	2.53691	0
446.75357	2.53887	0
448.35107	2.54092	0
449.94858	2.54309	0
451.54605	2.54536	0
453.14355	2.54776	0
454.74103	2.55029	0
456.33853	2.55297	0
457.93597	2.55581	0
459.53345	2.55883	0
461.13092	2.56204	0
462.72836	2.56547	0
464.32584	2.56913	0
465.92328	2.57306	0
467.5207	2.57726	0
469.1181	2.58177	0
470.71558	2.5866	0
472.313	2.59177	0
473.9104	2.59727	0
475.50775	2.6031	0
477.10516	2.60924	0
478.70255	2.61565	0
480.2999	2.62229	0
481.89728	2.62907	0
483.49463	2.6359	0
485.09195	2.64269	0
486.6893	2.6493	0
488.28662	2.6556	0
489.88388	2.66146	0
491.4812	2.66673	0
493.07846	2.67129	0
494.67572	2.67501	0
496.273	2.67778	0
497.8702	2.67952	0
499.46744	2.68018	0
501.06464	2.67973	0
502.66187	2.67815	0
504.25903	2.67548	0
505.8562	2.67176	0
507.4533	2.66708	0
509.05048	2.66152	0
510.6476	2.6552	0
512.2447	2.64823	0
513.84174	2.64073	0
515.43884	2.63284	0
517.0359	2.62467	0
518.63293	2.61635	0
520.22986	2.60796	0
521.82684	2.59961	0
523.4238	2.59137	0
525.0208	2.58332	0
526.61774	2.57549	0
528.2146	2.56793	0
529.8115	2.56067	0
531.4083	2.55372	0
533.0052	2.54708	0
534.602	2.54076	0
536.19885	2.53475	0
537.79553	2.52904	0
539.39233	2.52361	0
540.9891	2.51844	0
542.58575	2.51353	0
544.18243	2.50885	0
545.77905	2.50438	0
547.3757	2.50012	0
548.9723	2.49603	0
550.5689	2.49212	0
552.1654	2.48836	0
553.7619	2.48475	0
555.35846	2.48126	0
556.9549	2.4779	0
558.55133	2.47465	0
560.14777	2.47151	0
561.74414	2.46847	0
563.34045	2.46552	0
564.9368	2.46265	0
566.5331	2.45986	0
568.12933	2.45715	0
569.7256	2.45452	0
571.3218	2.45195	0
572.91797	2.44944	0
574.5141	2.447	0
576.1102	2.44461	0
577.70624	2.44228	0
579.3023	2.44	0
580.8983	2.43777	0
582.49426	2.4356	0
584.0902	2.43346	0
585.68616	2.43138	0
587.28204	2.42933	0
588.8778	2.42733	0
590.47363	2.42537	0
592.06946	2.42344	0
593.66516	2.42155	0
595.26086	2.4197	0
596.8565	2.41788	0
598.45215	2.4161	0
600.0477	2.41434	0
601.64325	2.41262	0
603.2388	2.41093	0
604.8342	2.40927	0
606.4296	2.40763	0
608.025	2.40603	0
609.6204	2.40445	0
611.2157	2.40289	0
612.811	2.40136	0
614.4062	2.39986	0
616.0014	2.39838	0
617.59656	2.39692	0
619.19165	2.39549	0
620.78674	2.39408	0
622.3817	2.39268	0
623.9767	2.39131	0
625.57166	2.38996	0
627.16656	2.38863	0
628.76135	2.38732	0
630.3562	2.38603	0
631.9509	2.38476	0
633.54565	2.3835	0
635.1403	2.38226	0
636.7349	2.38104	0
638.32947	2.37984	0
639.924	2.37865	0
641.5185	2.37748	0
643.1129	2.37632	0
644.70734	2.37518	0
646.30164	2.37405	0
647.89594	2.37294	0
649.4902	2.37185	0
651.08435	2.37076	0
652.6785	2.36969	0
654.2726	2.36864	0
655.86664	2.3676	0
657.46063	2.36657	0
659.05457	2.36555	0
660.6485	2.36455	0
662.2423	2.36356	0
663.83606	2.36258	0
665.4298	2.36161	0
667.0235	2.36065	0
668.61707	2.35971	0
670.2107	2.35878	0
671.8042	2.35785	0
673.39764	2.35694	0
674.9911	2.35604	0
676.5844	2.35515	0
678.17773	2.35427	0
679.77094	2.3534	0
681.36414	2.35254	0
682.9573	2.35169	0
684.55035	2.35084	0
686.1434	2.35001	0
687.73627	2.34919	0
689.3292	2.34838	0
690.922	2.34757	0
692.5148	2.34677	0
694.10754	2.34599	0
695.7002	2.34521	0
697.2928	2.34444	0
698.8854	2.34367	0
700.47784	2.34292	0
702.0702	2.34217	0
703.6626	2.34143	0
705.2549	2.3407	0
706.8471	2.33998	0
708.43933	2.33926	0
710.0314	2.33855	0
711.6234	2.33785	0
713.21545	2.33716	0
714.8073	2.33647	0
716.39923	2.33579	0
717.99097	2.33512	0
719.5827	2.33445	0
721.1744	2.33379	0
722.766	2.33313	0
724.3575	2.33249	0
725.9489	2.33185	0
727.54034	2.33121	0
729.13165	2.33058	0
730.7229	2.32996	0
732.3141	2.32934	0
733.9052	2.32873	0
735.4963	2.32813	0
737.0873	2.32753	0
738.67816	2.32694	0
740.269	2.32635	0
741.85974	2.32577	0
743.4505	2.32519	0
745.04114	2.32462	0
746.6317	2.32405	0
748.22217	2.32349	0
749.8126	2.32294	0
751.40295	2.32239	0
752.9932	2.32184	0
754.5834	2.3213	0
756.1735	2.32077	0
757.76355	2.32024	0
759.3536	2.31971	0
760.9435	2.31919	0
762.53326	2.31867	0
764.123	2.31816	0
765.7127	2.31766	0
767.3023	2.31715	0
768.8918	2.31665	0
770.48126	2.31616	0
772.0706	2.31567	0
773.6599	2.31519	0
775.24915	2.31471	0
776.83826	2.31423	0
778.4273	2.31376	0
780.0163	2.31329	0
781.60516	2.31283	0
783.194	2.31236	0
784.7828	2.31191	0
786.3714	2.31146	0
787.95996	2.31101	0
789.54846	2.31056	0
791.13684	2.31012	0
792.7252	2.30969	0
794.3135	2.30925	0
795.9016	2.30882	0
797.4897	2.3084	0
799.0777	2.30797	0
800.66565	2.30755	0
802.2534	2.30714	0
803.8412	2.30673	0
805.42883	2.30632	0
807.0164	2.30591	0
808.6039	2.30551	0
