TiO2		
Wavelength(nm)	n	k
200	1.74998	0.9147408
201	1.7477	0.9273312
202	1.74576	0.9401613
203	1.74419	0.953225
204	1.74297	0.966515
205	1.74213	0.9800244
206	1.74167	0.9937454
207	1.7416	1.007671
208	1.74193	1.021792
209	1.74266	1.036101
210	1.7438	1.050588
211	1.74536	1.065247
212	1.74735	1.080066
213	1.74977	1.095037
214	1.75264	1.11015
215	1.75595	1.125395
216	1.75972	1.140763
217	1.76394	1.156242
218	1.76864	1.171822
219	1.77382	1.187492
220	1.77947	1.203241
221	1.78561	1.219058
222	1.79225	1.234931
223	1.79939	1.250848
224	1.80704	1.266796
225	1.81519	1.282764
226	1.82387	1.298739
227	1.83306	1.314708
228	1.84279	1.330657
229	1.85305	1.346572
230	1.86385	1.36244
231	1.8752	1.378247
232	1.88709	1.393977
233	1.89954	1.409615
234	1.91254	1.425146
235	1.92611	1.440554
236	1.94024	1.455823
237	1.95495	1.470936
238	1.97022	1.485875
239	1.98608	1.500623
240	2.00251	1.515161
241	2.01953	1.529472
242	2.03713	1.543534
243	2.05532	1.557329
244	2.07409	1.570836
245	2.09346	1.584034
246	2.11341	1.596901
247	2.13396	1.609414
248	2.15509	1.621552
249	2.17681	1.63329
250	2.19912	1.644604
251	2.22201	1.655468
252	2.24549	1.665857
253	2.26953	1.675743
254	2.29415	1.685101
255	2.31934	1.6939
256	2.34508	1.702113
257	2.37137	1.709708
258	2.3982	1.716656
259	2.42556	1.722925
260	2.45343	1.728482
261	2.4818	1.733293
262	2.51065	1.737326
263	2.53996	1.740545
264	2.56971	1.742916
265	2.59988	1.744402
266	2.63044	1.744968
267	2.66136	1.744579
268	2.6926	1.743199
269	2.72414	1.740792
270	2.75592	1.737325
271	2.7879	1.732765
272	2.82005	1.727079
273	2.85229	1.720239
274	2.88459	1.712217
275	2.91688	1.702989
276	2.9491	1.692535
277	2.98117	1.680838
278	3.01304	1.667886
279	3.04463	1.653672
280	3.07587	1.638194
281	3.10667	1.621457
282	3.13696	1.603471
283	3.16667	1.584254
284	3.19571	1.56383
285	3.224	1.54223
286	3.25148	1.519492
287	3.27806	1.49566
288	3.30369	1.470787
289	3.32828	1.444931
290	3.35178	1.418154
291	3.37414	1.390528
292	3.3953	1.362124
293	3.41523	1.333023
294	3.43388	1.303304
295	3.45123	1.273051
296	3.46726	1.24235
297	3.48196	1.211285
298	3.49531	1.179944
299	3.50732	1.148409
300	3.518	1.116766
301	3.52736	1.085093
302	3.53543	1.05347
303	3.54223	1.021967
304	3.54779	0.9906573
305	3.55215	0.9596044
306	3.55536	0.9288694
307	3.55744	0.898508
308	3.55846	0.8685706
309	3.55846	0.839103
310	3.55749	0.8101465
311	3.55559	0.7817348
312	3.55284	0.7538994
313	3.54926	0.7266667
314	3.54492	0.7000582
315	3.53987	0.6740914
316	3.53416	0.64878
317	3.52783	0.6241347
318	3.52094	0.6001607
319	3.51352	0.5768624
320	3.50563	0.5542406
321	3.4973	0.5322939
322	3.48858	0.5110182
323	3.4795	0.4904077
324	3.4701	0.470455
325	3.46042	0.4511516
326	3.45048	0.432486
327	3.44032	0.4144475
328	3.42996	0.3970236
329	3.41944	0.3802014
330	3.40877	0.3639671
331	3.39799	0.3483066
332	3.3871	0.3332054
333	3.37614	0.3186492
334	3.36512	0.3046224
335	3.35406	0.2911102
336	3.34297	0.278098
337	3.33187	0.2655707
338	3.32077	0.2535137
339	3.30969	0.2419124
340	3.29863	0.2307524
341	3.2876	0.22002
342	3.27662	0.2097009
343	3.2657	0.1997816
344	3.25483	0.1902492
345	3.24403	0.1810906
346	3.23331	0.1722934
347	3.22267	0.1638454
348	3.21211	0.1557348
349	3.20165	0.1479503
350	3.19128	0.1404804
351	3.181	0.1333145
352	3.17083	0.1264422
353	3.16076	0.1198535
354	3.1508	0.1135386
355	3.14094	0.1074881
356	3.1312	0.1016932
357	3.12157	0.09614471
358	3.11205	0.09083442
359	3.10265	0.08575418
360	3.09337	0.08089618
361	3.0842	0.07625284
362	3.07515	0.07181691
363	3.06621	0.06758138
364	3.05739	0.06353962
365	3.0487	0.05968491
366	3.04012	0.0560111
367	3.03166	0.05251219
368	3.02331	0.04918237
369	3.01509	0.04601609
370	3.00698	0.04300796
371	2.99899	0.04015283
372	2.99112	0.03744579
373	2.98336	0.0348819
374	2.97573	0.03245664
375	2.9682	0.03016556
376	2.9608	0.0280044
377	2.95351	0.02596905
378	2.94633	0.02405554
379	2.93927	0.02226005
380	2.93232	0.02057897
381	2.92549	0.01900865
382	2.91877	0.01754573
383	2.91216	0.01618692
384	2.90567	0.01492905
385	2.89929	0.01376907
386	2.89303	0.01270403
387	2.88688	0.01173109
388	2.88084	0.01084753
389	2.87492	0.01005065
390	2.86912	0.009337927
391	2.86343	0.008706887
392	2.85786	0.008155149
393	2.85241	0.007680404
394	2.8471	0.007280422
395	2.84191	0.006953034
396	2.83689	0.006685643
397	2.83202	0.006431084
398	2.82727	0.006183866
399	2.82264	0.005943904
400	2.81811	0.005711105
401	2.81368	0.005485371
402	2.80933	0.005266603
403	2.80508	0.005054707
404	2.80091	0.004849571
405	2.79682	0.004651102
406	2.7928	0.004459201
407	2.78886	0.004273771
408	2.78499	0.004094716
409	2.78119	0.00392194
410	2.77745	0.00375535
411	2.77378	0.003594856
412	2.77018	0.003440359
413	2.76663	0.003291142
414	2.76314	0.003146224
415	2.75971	0.003005521
416	2.75633	0.002868956
417	2.75301	0.002736454
418	2.74974	0.002607942
419	2.74652	0.002483349
420	2.74335	0.002362598
421	2.74023	0.002245624
422	2.73715	0.002132358
423	2.73412	0.002022733
424	2.73113	0.001916684
425	2.72819	0.001814147
426	2.72529	0.001715059
427	2.72243	0.001619362
428	2.71961	0.001526991
429	2.71683	0.001437889
430	2.71409	0.001351998
431	2.71138	0.001269263
432	2.70871	0.001189629
433	2.70608	0.001113041
434	2.70348	0.001039446
435	2.70092	0.000968796
436	2.69839	0.000901034
437	2.69589	0.000836114
438	2.69343	0.000773988
439	2.691	0.000714607
440	2.6886	0.000657925
441	2.68622	0.000603897
442	2.68388	0.000552479
443	2.68157	0.000503627
444	2.67929	0.000457297
445	2.67703	0.000413448
446	2.67481	0.000372039
447	2.67261	0.000333031
448	2.67043	0.000296383
449	2.66829	0.000262058
450	2.66617	0.000230019
451	2.66407	0.000200226
452	2.662	0.000172646
453	2.65996	0.000147242
454	2.65793	0.000123979
455	2.65594	0.000102825
456	2.65396	8.37E-05
457	2.65201	6.67E-05
458	2.65008	5.17E-05
459	2.64818	3.86E-05
460	2.64629	2.75E-05
461	2.64443	1.84E-05
462	2.64259	1.11E-05
463	2.64078	5.63E-06
464	2.63898	2.03E-06
465	2.6372	2.30E-07
466	2.63545	0
467	2.63372	0
468	2.632	0
469	2.63031	0
470	2.62864	0
471	2.62698	0
472	2.62535	0
473	2.62373	0
474	2.62213	0
475	2.62054	0
476	2.61898	0
477	2.61743	0
478	2.61589	0
479	2.61438	0
480	2.61287	0
481	2.61139	0
482	2.60992	0
483	2.60846	0
484	2.60702	0
485	2.60559	0
486	2.60418	0
487	2.60278	0
488	2.6014	0
489	2.60003	0
490	2.59867	0
491	2.59733	0
492	2.59599	0
493	2.59468	0
494	2.59337	0
495	2.59208	0
496	2.5908	0
497	2.58953	0
498	2.58827	0
499	2.58703	0
500	2.58579	0
501	2.58457	0
502	2.58336	0
503	2.58216	0
504	2.58097	0
505	2.57979	0
506	2.57863	0
507	2.57747	0
508	2.57632	0
509	2.57519	0
510	2.57406	0
511	2.57295	0
512	2.57184	0
513	2.57074	0
514	2.56966	0
515	2.56858	0
516	2.56751	0
517	2.56645	0
518	2.5654	0
519	2.56436	0
520	2.56333	0
521	2.5623	0
522	2.56129	0
523	2.56028	0
524	2.55928	0
525	2.5583	0
526	2.55731	0
527	2.55634	0
528	2.55538	0
529	2.55442	0
530	2.55347	0
531	2.55253	0
532	2.55159	0
533	2.55067	0
534	2.54975	0
535	2.54883	0
536	2.54793	0
537	2.54703	0
538	2.54614	0
539	2.54526	0
540	2.54438	0
541	2.54351	0
542	2.54265	0
543	2.54179	0
544	2.54095	0
545	2.5401	0
546	2.53927	0
547	2.53844	0
548	2.53761	0
549	2.5368	0
550	2.53598	0
551	2.53518	0
552	2.53438	0
553	2.53359	0
554	2.5328	0
555	2.53202	0
556	2.53124	0
557	2.53047	0
558	2.52971	0
559	2.52895	0
560	2.5282	0
561	2.52745	0
562	2.52671	0
563	2.52597	0
564	2.52524	0
565	2.52452	0
566	2.5238	0
567	2.52308	0
568	2.52237	0
569	2.52167	0
570	2.52097	0
571	2.52027	0
572	2.51958	0
573	2.51889	0
574	2.51821	0
575	2.51754	0
576	2.51687	0
577	2.5162	0
578	2.51554	0
579	2.51488	0
580	2.51423	0
581	2.51358	0
582	2.51293	0
583	2.51229	0
584	2.51166	0
585	2.51103	0
586	2.5104	0
587	2.50978	0
588	2.50916	0
589	2.50855	0
590	2.50794	0
591	2.50733	0
592	2.50673	0
593	2.50613	0
594	2.50554	0
595	2.50495	0
596	2.50436	0
597	2.50378	0
598	2.5032	0
599	2.50262	0
600	2.50205	0
601	2.50148	0
602	2.50092	0
603	2.50036	0
604	2.4998	0
605	2.49925	0
606	2.4987	0
607	2.49816	0
608	2.49761	0
609	2.49707	0
610	2.49654	0
611	2.49601	0
612	2.49548	0
613	2.49495	0
614	2.49443	0
615	2.49391	0
616	2.49339	0
617	2.49288	0
618	2.49237	0
619	2.49186	0
620	2.49136	0
621	2.49086	0
622	2.49036	0
623	2.48987	0
624	2.48938	0
625	2.48889	0
626	2.4884	0
627	2.48792	0
628	2.48744	0
629	2.48697	0
630	2.48649	0
631	2.48602	0
632	2.48555	0
633	2.48509	0
634	2.48463	0
635	2.48417	0
636	2.48371	0
637	2.48326	0
638	2.4828	0
639	2.48236	0
640	2.48191	0
641	2.48147	0
642	2.48102	0
643	2.48059	0
644	2.48015	0
645	2.47972	0
646	2.47928	0
647	2.47886	0
648	2.47843	0
649	2.47801	0
650	2.47759	0
651	2.47717	0
652	2.47675	0
653	2.47634	0
654	2.47592	0
655	2.47551	0
656	2.47511	0
657	2.4747	0
658	2.4743	0
659	2.4739	0
660	2.4735	0
661	2.47311	0
662	2.47271	0
663	2.47232	0
664	2.47193	0
665	2.47154	0
666	2.47116	0
667	2.47078	0
668	2.4704	0
669	2.47002	0
670	2.46964	0
671	2.46926	0
672	2.46889	0
673	2.46852	0
674	2.46815	0
675	2.46779	0
676	2.46742	0
677	2.46706	0
678	2.4667	0
679	2.46634	0
680	2.46598	0
681	2.46563	0
682	2.46527	0
683	2.46492	0
684	2.46457	0
685	2.46423	0
686	2.46388	0
687	2.46354	0
688	2.4632	0
689	2.46285	0
690	2.46252	0
691	2.46218	0
692	2.46184	0
693	2.46151	0
694	2.46118	0
695	2.46085	0
696	2.46052	0
697	2.4602	0
698	2.45987	0
699	2.45955	0
700	2.45923	0
701	2.45891	0
702	2.45859	0
703	2.45827	0
704	2.45796	0
705	2.45764	0
706	2.45733	0
707	2.45702	0
708	2.45671	0
709	2.45641	0
710	2.4561	0
711	2.4558	0
712	2.45549	0
713	2.45519	0
714	2.45489	0
715	2.4546	0
716	2.4543	0
717	2.454	0
718	2.45371	0
719	2.45342	0
720	2.45313	0
721	2.45284	0
722	2.45255	0
723	2.45226	0
724	2.45198	0
725	2.4517	0
726	2.45141	0
727	2.45113	0
728	2.45085	0
729	2.45058	0
730	2.4503	0
731	2.45002	0
732	2.44975	0
733	2.44948	0
734	2.4492	0
735	2.44893	0
736	2.44867	0
737	2.4484	0
738	2.44813	0
739	2.44787	0
740	2.4476	0
741	2.44734	0
742	2.44708	0
743	2.44682	0
744	2.44656	0
745	2.4463	0
746	2.44604	0
747	2.44579	0
748	2.44554	0
749	2.44528	0
750	2.44503	0
751	2.44478	0
752	2.44453	0
753	2.44428	0
754	2.44404	0
755	2.44379	0
756	2.44354	0
757	2.4433	0
758	2.44306	0
759	2.44282	0
760	2.44258	0
761	2.44234	0
762	2.4421	0
763	2.44186	0
764	2.44163	0
765	2.44139	0
766	2.44116	0
767	2.44092	0
768	2.44069	0
769	2.44046	0
770	2.44023	0
771	2.44	0
772	2.43978	0
773	2.43955	0
774	2.43932	0
775	2.4391	0
776	2.43887	0
777	2.43865	0
778	2.43843	0
779	2.43821	0
780	2.43799	0
781	2.43777	0
782	2.43755	0
783	2.43734	0
784	2.43712	0
785	2.43691	0
786	2.43669	0
787	2.43648	0
788	2.43627	0
789	2.43606	0
790	2.43584	0
791	2.43564	0
792	2.43543	0
793	2.43522	0
794	2.43501	0
795	2.43481	0
796	2.4346	0
797	2.4344	0
798	2.43419	0
799	2.43399	0
800	2.43379	0
801	2.43359	0
802	2.43339	0
803	2.43319	0
804	2.43299	0
805	2.4328	0
806	2.4326	0
807	2.4324	0
808	2.43221	0
809	2.43202	0
810	2.43182	0
811	2.43163	0
812	2.43144	0
813	2.43125	0
814	2.43106	0
815	2.43087	0
816	2.43068	0
817	2.43049	0
818	2.43031	0
819	2.43012	0
820	2.42994	0
821	2.42975	0
822	2.42957	0
823	2.42939	0
824	2.4292	0
825	2.42902	0
826	2.42884	0
827	2.42866	0
828	2.42848	0
829	2.4283	0
830	2.42813	0
831	2.42795	0
832	2.42777	0
833	2.4276	0
834	2.42742	0
835	2.42725	0
836	2.42708	0
837	2.4269	0
838	2.42673	0
839	2.42656	0
840	2.42639	0
841	2.42622	0
842	2.42605	0
843	2.42588	0
844	2.42571	0
845	2.42555	0
846	2.42538	0
847	2.42521	0
848	2.42505	0
849	2.42488	0
850	2.42472	0
851	2.42456	0
852	2.42439	0
853	2.42423	0
854	2.42407	0
855	2.42391	0
856	2.42375	0
857	2.42359	0
858	2.42343	0
859	2.42327	0
860	2.42311	0
861	2.42296	0
862	2.4228	0
863	2.42265	0
864	2.42249	0
865	2.42234	0
866	2.42218	0
867	2.42203	0
868	2.42188	0
869	2.42172	0
870	2.42157	0
871	2.42142	0
872	2.42127	0
873	2.42112	0
874	2.42097	0
875	2.42082	0
876	2.42067	0
877	2.42053	0
878	2.42038	0
879	2.42023	0
880	2.42009	0
881	2.41994	0
882	2.4198	0
883	2.41965	0
884	2.41951	0
885	2.41936	0
886	2.41922	0
887	2.41908	0
888	2.41894	0
889	2.4188	0
890	2.41866	0
891	2.41852	0
892	2.41838	0
893	2.41824	0
894	2.4181	0
895	2.41796	0
896	2.41782	0
897	2.41769	0
898	2.41755	0
899	2.41741	0
900	2.41728	0
901	2.41714	0
902	2.41701	0
903	2.41688	0
904	2.41674	0
905	2.41661	0
906	2.41648	0
907	2.41634	0
908	2.41621	0
909	2.41608	0
910	2.41595	0
911	2.41582	0
912	2.41569	0
913	2.41556	0
914	2.41543	0
915	2.41531	0
916	2.41518	0
917	2.41505	0
918	2.41492	0
919	2.4148	0
920	2.41467	0
921	2.41455	0
922	2.41442	0
923	2.4143	0
924	2.41417	0
925	2.41405	0
926	2.41392	0
927	2.4138	0
928	2.41368	0
929	2.41356	0
930	2.41344	0
931	2.41331	0
932	2.41319	0
933	2.41307	0
934	2.41295	0
935	2.41283	0
936	2.41272	0
937	2.4126	0
938	2.41248	0
939	2.41236	0
940	2.41224	0
941	2.41213	0
942	2.41201	0
943	2.41189	0
944	2.41178	0
945	2.41166	0
946	2.41155	0
947	2.41143	0
948	2.41132	0
949	2.41121	0
950	2.41109	0
951	2.41098	0
952	2.41087	0
953	2.41075	0
954	2.41064	0
955	2.41053	0
956	2.41042	0
957	2.41031	0
958	2.4102	0
959	2.41009	0
960	2.40998	0
961	2.40987	0
962	2.40976	0
963	2.40965	0
964	2.40955	0
965	2.40944	0
966	2.40933	0
967	2.40922	0
968	2.40912	0
969	2.40901	0
970	2.40891	0
971	2.4088	0
972	2.40869	0
973	2.40859	0
974	2.40849	0
975	2.40838	0
976	2.40828	0
977	2.40817	0
978	2.40807	0
979	2.40797	0
980	2.40787	0
981	2.40776	0
982	2.40766	0
983	2.40756	0
984	2.40746	0
985	2.40736	0
986	2.40726	0
987	2.40716	0
988	2.40706	0
989	2.40696	0
990	2.40686	0
991	2.40676	0
992	2.40666	0
993	2.40657	0
994	2.40647	0
995	2.40637	0
996	2.40627	0
997	2.40618	0
998	2.40608	0
999	2.40598	0
1000	2.40589	0
1001	2.40579	0
1002	2.4057	0
1003	2.4056	0
1004	2.40551	0
1005	2.40541	0
1006	2.40532	0
1007	2.40523	0
1008	2.40513	0
1009	2.40504	0
1010	2.40495	0
1011	2.40485	0
1012	2.40476	0
1013	2.40467	0
1014	2.40458	0
1015	2.40449	0
1016	2.4044	0
1017	2.40431	0
1018	2.40422	0
1019	2.40412	0
1020	2.40403	0
1021	2.40395	0
1022	2.40386	0
1023	2.40377	0
1024	2.40368	0
1025	2.40359	0
1026	2.4035	0
1027	2.40341	0
1028	2.40333	0
1029	2.40324	0
1030	2.40315	0
1031	2.40306	0
1032	2.40298	0
1033	2.40289	0
1034	2.40281	0
1035	2.40272	0
1036	2.40263	0
1037	2.40255	0
1038	2.40246	0
1039	2.40238	0
1040	2.4023	0
1041	2.40221	0
1042	2.40213	0
1043	2.40204	0
1044	2.40196	0
1045	2.40188	0
1046	2.40179	0
1047	2.40171	0
1048	2.40163	0
1049	2.40155	0
1050	2.40147	0
1051	2.40138	0
1052	2.4013	0
1053	2.40122	0
1054	2.40114	0
1055	2.40106	0
1056	2.40098	0
1057	2.4009	0
1058	2.40082	0
1059	2.40074	0
1060	2.40066	0
1061	2.40058	0
1062	2.4005	0
1063	2.40042	0
1064	2.40035	0
1065	2.40027	0
1066	2.40019	0
1067	2.40011	0
1068	2.40003	0
1069	2.39996	0
1070	2.39988	0
1071	2.3998	0
1072	2.39973	0
1073	2.39965	0
1074	2.39957	0
1075	2.3995	0
1076	2.39942	0
1077	2.39935	0
1078	2.39927	0
1079	2.3992	0
1080	2.39912	0
1081	2.39905	0
1082	2.39897	0
1083	2.3989	0
1084	2.39883	0
1085	2.39875	0
1086	2.39868	0
1087	2.39861	0
1088	2.39853	0
1089	2.39846	0
1090	2.39839	0
1091	2.39831	0
1092	2.39824	0
1093	2.39817	0
1094	2.3981	0
1095	2.39803	0
1096	2.39796	0
1097	2.39789	0
1098	2.39781	0
1099	2.39774	0
1100	2.39767	0
1101	2.3976	0
1102	2.39753	0
1103	2.39746	0
1104	2.39739	0
1105	2.39732	0
1106	2.39725	0
1107	2.39719	0
1108	2.39712	0
1109	2.39705	0
1110	2.39698	0
1111	2.39691	0
1112	2.39684	0
1113	2.39678	0
1114	2.39671	0
1115	2.39664	0
1116	2.39657	0
1117	2.39651	0
1118	2.39644	0
1119	2.39637	0
1120	2.39631	0
1121	2.39624	0
1122	2.39617	0
1123	2.39611	0
1124	2.39604	0
1125	2.39598	0
1126	2.39591	0
1127	2.39585	0
1128	2.39578	0
1129	2.39572	0
1130	2.39565	0
1131	2.39559	0
1132	2.39552	0
1133	2.39546	0
1134	2.39539	0
1135	2.39533	0
1136	2.39527	0
1137	2.3952	0
1138	2.39514	0
1139	2.39508	0
1140	2.39501	0
1141	2.39495	0
1142	2.39489	0
1143	2.39483	0
1144	2.39476	0
1145	2.3947	0
1146	2.39464	0
1147	2.39458	0
1148	2.39452	0
1149	2.39446	0
1150	2.39439	0
1151	2.39433	0
1152	2.39427	0
1153	2.39421	0
1154	2.39415	0
1155	2.39409	0
1156	2.39403	0
1157	2.39397	0
1158	2.39391	0
1159	2.39385	0
1160	2.39379	0
1161	2.39373	0
1162	2.39367	0
1163	2.39362	0
1164	2.39356	0
1165	2.3935	0
1166	2.39344	0
1167	2.39338	0
1168	2.39332	0
1169	2.39326	0
1170	2.39321	0
1171	2.39315	0
1172	2.39309	0
1173	2.39303	0
1174	2.39298	0
1175	2.39292	0
1176	2.39286	0
1177	2.39281	0
1178	2.39275	0
1179	2.39269	0
1180	2.39264	0
1181	2.39258	0
1182	2.39252	0
1183	2.39247	0
1184	2.39241	0
1185	2.39236	0
1186	2.3923	0
1187	2.39225	0
1188	2.39219	0
1189	2.39214	0
1190	2.39208	0
1191	2.39203	0
1192	2.39197	0
1193	2.39192	0
1194	2.39186	0
1195	2.39181	0
1196	2.39175	0
1197	2.3917	0
1198	2.39165	0
1199	2.39159	0
1200	2.39154	0
1201	2.39149	0
1202	2.39143	0
1203	2.39138	0
1204	2.39133	0
1205	2.39128	0
1206	2.39122	0
1207	2.39117	0
1208	2.39112	0
1209	2.39107	0
1210	2.39101	0
1211	2.39096	0
1212	2.39091	0
1213	2.39086	0
1214	2.39081	0
1215	2.39076	0
1216	2.3907	0
1217	2.39065	0
1218	2.3906	0
1219	2.39055	0
1220	2.3905	0
1221	2.39045	0
1222	2.3904	0