wl (nm)	n	k
350	2.317048	0.000655
352	2.313395	0.000637
354	2.309832	0.000619
356	2.306355	0.000602
358	2.302962	0.000585
360	2.299649	0.000569
362	2.296414	0.000553
364	2.293255	0.000538
366	2.290169	0.000523
368	2.287153	0.000509
370	2.284205	0.000495
372	2.281324	0.000482
374	2.278507	0.000468
376	2.275751	0.000456
378	2.273056	0.000443
380	2.270419	0.000431
382	2.267838	0.000419
384	2.265313	0.000408
386	2.26284	0.000397
388	2.260419	0.000386
390	2.258048	0.000376
392	2.255726	0.000365
394	2.253451	0.000355
396	2.251222	0.000346
398	2.249037	0.000336
400	2.246896	0.000327
402	2.244797	0.000318
404	2.242739	0.000309
406	2.24072	0.000301
408	2.238741	0.000292
410	2.236799	0.000284
412	2.234894	0.000276
414	2.233025	0.000269
416	2.23119	0.000261
418	2.22939	0.000254
420	2.227622	0.000247
422	2.225887	0.00024
424	2.224183	0.000233
426	2.22251	0.000226
428	2.220867	0.00022
430	2.219252	0.000214
432	2.217666	0.000207
434	2.216108	0.000201
436	2.214577	0.000196
438	2.213072	0.00019
440	2.211593	0.000184
442	2.210139	0.000179
444	2.208709	0.000173
446	2.207304	0.000168
448	2.205921	0.000163
450	2.204562	0.000158
452	2.203225	0.000153
454	2.20191	0.000149
456	2.200616	0.000144
458	2.199343	0.00014
460	2.198091	0.000135
462	2.196858	0.000131
464	2.195645	0.000127
466	2.194451	0.000123
468	2.193275	0.000119
470	2.192118	0.000115
472	2.190979	0.000111
474	2.189857	0.000108
476	2.188752	0.000104
478	2.187664	0.0001
480	2.186592	0.0001
482	2.185537	0.000094
484	2.184497	0.00009
486	2.183473	0.000087
488	2.182463	0.000084
490	2.181469	0.000081
492	2.180489	0.000078
494	2.179523	0.000075
496	2.178571	0.000073
498	2.177633	0.00007
500	2.176708	0.000067
502	2.175796	0.000065
504	2.174897	0.000062
506	2.17401	0.00006
508	2.173136	0.000057
510	2.172274	0.000055
512	2.171424	0.000053
514	2.170586	0.000051
516	2.169759	0.000048
518	2.168943	0.000046
520	2.168138	0.000044
522	2.167345	0.000042
524	2.166561	0.000041
526	2.165788	0.000039
528	2.165026	0.000037
530	2.164273	0.000035
532	2.16353	0.000033
534	2.162797	0.000032
536	2.162074	0.00003
538	2.16136	0.000029
540	2.160655	0.000027
542	2.159959	0.000026
544	2.159272	0.000024
546	2.158593	0.000023
548	2.157923	0.000022
550	2.157262	0.000021
552	2.156609	0.000019
554	2.155964	0.000018
556	2.155327	0.000017
558	2.154697	0.000016
560	2.154076	0.000015
562	2.153462	0.000014
564	2.152856	0.000013
566	2.152256	0.000012
568	2.151665	0.000011
570	2.15108	0.00001
572	2.150502	0.000009
574	2.149931	0.000009
576	2.149367	0.000008
578	2.148809	0.000007
580	2.148258	0.000007
582	2.147714	0.000006
584	2.147175	0.000005
586	2.146643	0.000005
588	2.146118	0.000004
590	2.145598	0.000004
592	2.145084	0.000003
594	2.144576	0.000003
596	2.144074	0.000003
598	2.143577	0.000002
600	2.143086	0.000002
602	2.142601	0.000001
604	2.142121	0.000001
606	2.141646	0.000001
608	2.141177	0.000001
610	2.140712	0.000001
612	2.140253	0
614	2.139799	0
616	2.13935	0
618	2.138906	0
620	2.138466	0
622	2.138032	0
624	2.137602	0
626	2.137176	0
628	2.136755	0
630	2.136339	0
632	2.135927	0
634	2.13552	0
636	2.135116	0
638	2.134717	0
640	2.134322	0
642	2.133931	0
644	2.133545	0
646	2.133162	0
648	2.132783	0
650	2.132408	0
652	2.132037	0
654	2.131669	0
656	2.131306	0
658	2.130946	0
660	2.130589	0
662	2.130236	0
664	2.129887	0
666	2.129541	0
668	2.129199	0
670	2.12886	0
672	2.128524	0
674	2.128191	0
676	2.127862	0
678	2.127536	0
680	2.127213	0
682	2.126893	0
684	2.126577	0
686	2.126263	0
688	2.125952	0
690	2.125645	0
692	2.12534	0
694	2.125038	0
696	2.124739	0
698	2.124443	0
700	2.124149	0
702	2.123858	0
704	2.12357	0
706	2.123285	0
708	2.123002	0
710	2.122722	0
712	2.122444	0
714	2.122169	0
716	2.121897	0
718	2.121626	0
720	2.121359	0
722	2.121093	0
724	2.120831	0
726	2.12057	0
728	2.120312	0
730	2.120056	0
732	2.119802	0
734	2.119551	0
736	2.119302	0
738	2.119055	0
740	2.11881	0
742	2.118567	0
744	2.118327	0
746	2.118088	0
748	2.117852	0
750	2.117617	0
752	2.117385	0
754	2.117155	0
756	2.116926	0
758	2.1167	0
760	2.116475	0
762	2.116253	0
764	2.116032	0
766	2.115813	0
768	2.115596	0
770	2.115381	0
772	2.115167	0
774	2.114955	0
776	2.114746	0
778	2.114537	0
780	2.114331	0
782	2.114126	0
784	2.113923	0
786	2.113722	0
788	2.113522	0
790	2.113324	0
792	2.113127	0
794	2.112932	0
796	2.112739	0
798	2.112547	0
800	2.112356	0
802	2.112168	0
804	2.11198	0
806	2.111794	0
808	2.11161	0
810	2.111427	0
812	2.111246	0
814	2.111066	0
816	2.110887	0
818	2.11071	0
820	2.110534	0
822	2.110359	0
824	2.110186	0
826	2.110015	0
828	2.109844	0
830	2.109675	0
832	2.109507	0
834	2.10934	0
836	2.109175	0
838	2.109011	0
840	2.108848	0
842	2.108687	0
844	2.108526	0
846	2.108367	0
848	2.108209	0
850	2.108052	0
852	2.107897	0
854	2.107742	0
856	2.107589	0
858	2.107437	0
860	2.107286	0
862	2.107136	0
864	2.106987	0
866	2.106839	0
868	2.106692	0
870	2.106547	0
872	2.106402	0
874	2.106259	0
876	2.106116	0
878	2.105975	0
880	2.105834	0
882	2.105695	0
884	2.105557	0
886	2.105419	0
888	2.105283	0
890	2.105147	0
892	2.105013	0
894	2.104879	0
896	2.104747	0
898	2.104615	0
900	2.104484	0
902	2.104354	0
904	2.104225	0
906	2.104097	0
908	2.10397	0
910	2.103844	0
912	2.103718	0
914	2.103594	0
916	2.10347	0
918	2.103347	0
920	2.103225	0
922	2.103104	0
924	2.102984	0
926	2.102864	0
928	2.102746	0
930	2.102628	0
932	2.102511	0
934	2.102394	0
936	2.102279	0
938	2.102164	0
940	2.10205	0
942	2.101937	0
944	2.101824	0
946	2.101713	0
948	2.101602	0
950	2.101491	0
952	2.101382	0
954	2.101273	0
956	2.101165	0
958	2.101057	0
960	2.100951	0
962	2.100845	0
964	2.100739	0
966	2.100635	0
968	2.100531	0
970	2.100428	0
972	2.100325	0
974	2.100223	0
976	2.100122	0
978	2.100021	0
980	2.099921	0
982	2.099822	0
984	2.099723	0
986	2.099625	0
988	2.099528	0
990	2.099431	0
992	2.099334	0
994	2.099239	0
996	2.099144	0
998	2.099049	0
1000	2.098955	0
