al2o3		
WL (nm)	n	k
300	1.64494	0
302	1.64392	0
304	1.64295	0
306	1.64201	0
308	1.64106	0
310	1.64012	0
312	1.63925	0
314	1.63839	0
316	1.63752	0
318	1.63666	0
320	1.63586	0
322	1.63507	0
324	1.63428	0
326	1.63349	0
328	1.63275	0
330	1.63203	0
332	1.6313	0
334	1.63058	0
336	1.62988	0
338	1.62922	0
340	1.62855	0
342	1.62789	0
344	1.62723	0
346	1.62661	0
348	1.62601	0
350	1.62541	0
352	1.6248	0
354	1.6242	0
356	1.62365	0
358	1.6231	0
360	1.62255	0
362	1.622	0
364	1.62145	0
366	1.62094	0
368	1.62044	0
370	1.61995	0
372	1.61945	0
374	1.61895	0
376	1.61846	0
378	1.61801	0
380	1.61757	0
382	1.61712	0
384	1.61667	0
386	1.61622	0
388	1.61578	0
390	1.61537	0
392	1.61497	0
394	1.61456	0
396	1.61415	0
398	1.61375	0
400	1.61334	0
402	1.61298	0
404	1.61261	0
406	1.61225	0
408	1.61188	0
410	1.61152	0
412	1.61115	0
414	1.6108	0
416	1.61047	0
418	1.61014	0
420	1.60982	0
422	1.60949	0
424	1.60916	0
426	1.60883	0
428	1.60851	0
430	1.60822	0
432	1.60793	0
434	1.60763	0
436	1.60734	0
438	1.60705	0
440	1.60675	0
442	1.60646	0
444	1.60619	0
446	1.60592	0
448	1.60566	0
450	1.6054	0
452	1.60514	0
454	1.60488	0
456	1.60462	0
458	1.60435	0
460	1.6041	0
462	1.60387	0
464	1.60364	0
466	1.60341	0
468	1.60317	0
470	1.60294	0
472	1.60271	0
474	1.60248	0
476	1.60225	0
478	1.60203	0
480	1.60182	0
482	1.60162	0
484	1.60141	0
486	1.60121	0
488	1.601	0
490	1.6008	0
492	1.60059	0
494	1.60038	0
496	1.60018	0
498	1.6	0
500	1.59982	0
502	1.59964	0
504	1.59946	0
506	1.59927	0
508	1.59909	0
510	1.59891	0
512	1.59873	0
514	1.59855	0
516	1.59837	0
518	1.5982	0
520	1.59804	0
522	1.59789	0
524	1.59773	0
526	1.59757	0
528	1.59741	0
530	1.59725	0
532	1.59709	0
534	1.59693	0
536	1.59677	0
538	1.59662	0
540	1.59647	0
542	1.59633	0
544	1.59619	0
546	1.59605	0
548	1.59591	0
550	1.59577	0
552	1.59563	0
554	1.5955	0
556	1.59536	0
558	1.59522	0
560	1.59508	0
562	1.59494	0
564	1.59481	0
566	1.59469	0
568	1.59457	0
570	1.59445	0
572	1.59433	0
574	1.59421	0
576	1.59409	0
578	1.59397	0
580	1.59385	0
582	1.59373	0
584	1.59361	0
586	1.59349	0
588	1.59337	0
590	1.59325	0
592	1.59314	0
594	1.59303	0
596	1.59293	0
598	1.59283	0
600	1.59272	0
602	1.59262	0
604	1.59252	0
606	1.59241	0
608	1.59231	0
610	1.59221	0
612	1.5921	0
614	1.592	0
616	1.5919	0
618	1.59179	0
620	1.59169	0
622	1.5916	0
624	1.59151	0
626	1.59142	0
628	1.59133	0
630	1.59125	0
632	1.59116	0
634	1.59107	0
636	1.59098	0
638	1.59089	0
640	1.5908	0
642	1.59071	0
644	1.59062	0
646	1.59054	0
648	1.59045	0
650	1.59036	0
652	1.59027	0
654	1.59019	0
656	1.59012	0
658	1.59004	0
660	1.58997	0
662	1.58989	0
664	1.58981	0
666	1.58974	0
668	1.58966	0
670	1.58959	0
672	1.58951	0
674	1.58944	0
676	1.58936	0
678	1.58929	0
680	1.58921	0
682	1.58914	0
684	1.58906	0
686	1.58899	0
688	1.58891	0
690	1.58884	0
692	1.58878	0
694	1.58872	0
696	1.58865	0
698	1.58859	0
700	1.58853	0
702	1.58846	0
704	1.5884	0
706	1.58833	0
708	1.58827	0
710	1.58821	0
712	1.58814	0
714	1.58808	0
716	1.58802	0
718	1.58795	0
720	1.58789	0
722	1.58783	0
724	1.58776	0
726	1.5877	0
728	1.58764	0
730	1.58758	0
732	1.58752	0
734	1.58747	0
736	1.58742	0
738	1.58736	0
740	1.58731	0
742	1.58726	0
744	1.58721	0
746	1.58715	0
748	1.5871	0
750	1.58705	0
752	1.58699	0
754	1.58694	0
756	1.58689	0
758	1.58683	0
760	1.58678	0
762	1.58673	0
764	1.58668	0
766	1.58662	0
768	1.58657	0
770	1.58652	0
772	1.58646	0
774	1.58641	0
776	1.58636	0
778	1.58632	0
780	1.58628	0
782	1.58623	0
784	1.58619	0
786	1.58614	0
788	1.5861	0
790	1.58606	0
792	1.58601	0
794	1.58597	0
796	1.58593	0
798	1.58588	0
800	1.58584	0
802	1.5858	0
804	1.58575	0
806	1.58571	0
808	1.58566	0
810	1.58562	0
812	1.58558	0
814	1.58553	0
816	1.58549	0
818	1.58545	0
820	1.5854	0
822	1.58536	0
824	1.58532	0
826	1.58527	0
828	1.58524	0
830	1.5852	0
832	1.58517	0
834	1.58513	0
836	1.5851	0
838	1.58506	0
840	1.58503	0
842	1.58499	0
844	1.58496	0
846	1.58492	0
848	1.58489	0
850	1.58486	0
852	1.58482	0
854	1.58479	0
856	1.58476	0
858	1.58472	0
860	1.58469	0
862	1.58466	0
864	1.58463	0
866	1.58459	0
868	1.58456	0
870	1.58453	0
872	1.5845	0
874	1.58447	0
876	1.58444	0
878	1.58441	0
880	1.58437	0
882	1.58434	0
884	1.58431	0
886	1.58428	0
888	1.58425	0
890	1.58422	0
892	1.58419	0
894	1.58416	0
896	1.58413	0
898	1.5841	0
900	1.58407	0
902	1.58404	0
904	1.58401	0
906	1.58398	0
908	1.58396	0
910	1.58393	0
912	1.5839	0
914	1.58387	0
916	1.58384	0
918	1.58381	0
920	1.58378	0
922	1.58376	0
924	1.58373	0
926	1.5837	0
928	1.58367	0
930	1.58365	0
932	1.58362	0
934	1.58359	0
936	1.58356	0
938	1.58354	0
940	1.58351	0
942	1.58348	0
944	1.58346	0
946	1.58343	0
948	1.5834	0
950	1.58338	0
952	1.58335	0
954	1.58332	0
956	1.5833	0
958	1.58327	0
960	1.58325	0
962	1.58322	0
964	1.58319	0
966	1.58317	0
968	1.58314	0
970	1.58312	0
972	1.58309	0
974	1.58307	0
976	1.58304	0
978	1.58302	0
980	1.58299	0
982	1.58297	0
984	1.58294	0
986	1.58292	0
988	1.58289	0
990	1.58287	0
992	1.58285	0
994	1.58282	0
996	1.5828	0
998	1.58277	0
1000	1.58275	0
1002	1.58273	0
1004	1.5827	0
1006	1.58268	0
1008	1.58265	0
1010	1.58263	0
1012	1.58261	0
1014	1.58258	0
1016	1.58256	0
1018	1.58254	0
1020	1.58251	0
1022	1.58249	0
1024	1.58247	0
1026	1.58244	0
1028	1.58242	0
1030	1.5824	0
1032	1.58238	0
1034	1.58235	0
1036	1.58233	0
1038	1.58231	0
1040	1.58229	0
1042	1.58226	0
1044	1.58224	0
1046	1.58222	0
1048	1.5822	0
1050	1.58217	0
1052	1.58215	0
1054	1.58213	0
1056	1.58211	0
1058	1.58209	0
1060	1.58206	0
1062	1.58204	0
1064	1.58202	0
1066	1.582	0
1068	1.58198	0
1070	1.58196	0
1072	1.58194	0
1074	1.58191	0
1076	1.58189	0
1078	1.58187	0
1080	1.58185	0
1082	1.58183	0
1084	1.58181	0
1086	1.58179	0
1088	1.58177	0
1090	1.58175	0
1092	1.58172	0
1094	1.5817	0
1096	1.58168	0
1098	1.58166	0
1100	1.58164	0
1102	1.58162	0
1104	1.5816	0
1106	1.58158	0
1108	1.58156	0
1110	1.58154	0
1112	1.58152	0
1114	1.5815	0
1116	1.58148	0
1118	1.58146	0
1120	1.58144	0
1122	1.58142	0
1124	1.5814	0
1126	1.58138	0
1128	1.58136	0
1130	1.58134	0
1132	1.58132	0
1134	1.5813	0
1136	1.58128	0
1138	1.58126	0
1140	1.58124	0
1142	1.58122	0
1144	1.5812	0
1146	1.58118	0
1148	1.58116	0
1150	1.58114	0
1152	1.58112	0
1154	1.5811	0
1156	1.58108	0
1158	1.58106	0
1160	1.58104	0
1162	1.58103	0
1164	1.58101	0
1166	1.58099	0
1168	1.58097	0
1170	1.58095	0
1172	1.58093	0
1174	1.58091	0
1176	1.58089	0
1178	1.58087	0
1180	1.58085	0
1182	1.58084	0
1184	1.58082	0
1186	1.5808	0
1188	1.58078	0
1190	1.58076	0
1192	1.58074	0
1194	1.58072	0
1196	1.5807	0
1198	1.58069	0
1200	1.58067	0
1202	1.58065	0
1204	1.58063	0
1206	1.58061	0
1208	1.58059	0
1210	1.58058	0
1212	1.58056	0
1214	1.58054	0
1216	1.58052	0
1218	1.5805	0
1220	1.58048	0
1222	1.58047	0
1224	1.58045	0
1226	1.58043	0
1228	1.58041	0
1230	1.58039	0
1232	1.58037	0
1234	1.58036	0
1236	1.58034	0
1238	1.58032	0
1240	1.5803	0
1242	1.58028	0
1244	1.58027	0
1246	1.58025	0
1248	1.58023	0
1250	1.58021	0
1252	1.5802	0
1254	1.58018	0
1256	1.58016	0
1258	1.58014	0
1260	1.58013	0
1262	1.58011	0
1264	1.58009	0
1266	1.58007	0
1268	1.58005	0
1270	1.58004	0
1272	1.58002	0
1274	1.58	0
1276	1.57998	0
1278	1.57997	0
1280	1.57995	0
1282	1.57993	0
1284	1.57991	0
1286	1.5799	0
1288	1.57988	0
1290	1.57986	0
1292	1.57984	0
1294	1.57983	0
1296	1.57981	0
1298	1.57979	0
1300	1.57978	0
1302	1.57976	0
1304	1.57974	0
1306	1.57972	0
1308	1.57971	0
1310	1.57969	0
1312	1.57967	0
1314	1.57965	0
1316	1.57964	0
1318	1.57962	0
1320	1.5796	0
1322	1.57959	0
1324	1.57957	0
1326	1.57955	0
1328	1.57954	0
1330	1.57952	0
1332	1.5795	0
1334	1.57948	0
1336	1.57947	0
1338	1.57945	0
1340	1.57943	0
1342	1.57942	0
1344	1.5794	0
1346	1.57938	0
1348	1.57937	0
1350	1.57935	0
1352	1.57933	0
1354	1.57932	0
1356	1.5793	0
1358	1.57928	0
1360	1.57926	0
1362	1.57925	0
1364	1.57923	0
1366	1.57921	0
1368	1.5792	0
1370	1.57918	0
1372	1.57916	0
1374	1.57915	0
1376	1.57913	0
1378	1.57911	0
1380	1.5791	0
1382	1.57908	0
1384	1.57906	0
1386	1.57905	0
1388	1.57903	0
1390	1.57901	0
1392	1.579	0
1394	1.57898	0
1396	1.57896	0
1398	1.57895	0
1400	1.57893	0
1402	1.57891	0
1404	1.5789	0
1406	1.57888	0
1408	1.57886	0
1410	1.57885	0
1412	1.57883	0
1414	1.57882	0
1416	1.5788	0
1418	1.57878	0
1420	1.57877	0
1422	1.57875	0
1424	1.57873	0
1426	1.57872	0
1428	1.5787	0
1430	1.57868	0
1432	1.57867	0
1434	1.57865	0
1436	1.57863	0
1438	1.57862	0
1440	1.5786	0
1442	1.57858	0
1444	1.57857	0
1446	1.57855	0
1448	1.57854	0
1450	1.57852	0
1452	1.5785	0
1454	1.57849	0
1456	1.57847	0
1458	1.57845	0
1460	1.57844	0
1462	1.57842	0
1464	1.5784	0
1466	1.57839	0
1468	1.57837	0
1470	1.57836	0
1472	1.57834	0
1474	1.57832	0
1476	1.57831	0
1478	1.57829	0
1480	1.57827	0
1482	1.57826	0
1484	1.57824	0
1486	1.57823	0
1488	1.57821	0
1490	1.57819	0
1492	1.57818	0
1494	1.57816	0
1496	1.57814	0
1498	1.57813	0
1500	1.57811	0
1502	1.5781	0
1504	1.57808	0
1506	1.57806	0
1508	1.57805	0
1510	1.57803	0
1512	1.57801	0
1514	1.578	0
1516	1.57798	0
1518	1.57797	0
1520	1.57795	0
1522	1.57793	0
1524	1.57792	0
1526	1.5779	0
1528	1.57789	0
1530	1.57787	0
1532	1.57785	0
1534	1.57784	0
1536	1.57782	0
1538	1.5778	0
1540	1.57779	0
1542	1.57777	0
1544	1.57776	0
1546	1.57774	0
1548	1.57772	0
1550	1.57771	0
1552	1.57769	0
1554	1.57767	0
1556	1.57766	0
1558	1.57764	0
1560	1.57763	0
1562	1.57761	0
1564	1.57759	0
1566	1.57758	0
1568	1.57756	0
1570	1.57754	0
1572	1.57753	0
1574	1.57751	0
1576	1.5775	0
1578	1.57748	0
1580	1.57746	0
1582	1.57745	0
1584	1.57743	0
1586	1.57742	0
1588	1.5774	0
1590	1.57738	0
1592	1.57737	0
1594	1.57735	0
1596	1.57734	0
1598	1.57732	0
1600	1.5773	0
1602	1.57729	0
1604	1.57727	0
1606	1.57725	0
1608	1.57724	0
1610	1.57722	0
1612	1.57721	0
1614	1.57719	0
1616	1.57717	0
1618	1.57716	0
1620	1.57714	0
1622	1.57712	0
1624	1.57711	0
1626	1.57709	0
1628	1.57708	0
1630	1.57706	0
1632	1.57704	0
1634	1.57703	0
1636	1.57701	0
1638	1.577	0
1640	1.57698	0
1642	1.57696	0
1644	1.57695	0
1646	1.57693	0
1648	1.57691	0
1650	1.5769	0
1652	1.57688	0
1654	1.57687	0
1656	1.57685	0
1658	1.57683	0
1660	1.57682	0
1662	1.5768	0
1664	1.57678	0
1666	1.57677	0
1668	1.57675	0
1670	1.57674	0
1672	1.57672	0
1674	1.5767	0
1676	1.57669	0
1678	1.57667	0
1680	1.57665	0
1682	1.57664	0
1684	1.57662	0
1686	1.57661	0
1688	1.57659	0
1690	1.57657	0
1692	1.57656	0
1694	1.57654	0
1696	1.57652	0
1698	1.57651	0
1700	1.57649	0
1702	1.57647	0
1704	1.57646	0
1706	1.57644	0
1708	1.57643	0
1710	1.57641	0
1712	1.57639	0
1714	1.57638	0
1716	1.57636	0
1718	1.57635	0
1720	1.57633	0
1722	1.57631	0
1724	1.5763	0
1726	1.57628	0
1728	1.57626	0
1730	1.57625	0
1732	1.57623	0
1734	1.57622	0
1736	1.5762	0
1738	1.57618	0
1740	1.57617	0
1742	1.57615	0
1744	1.57613	0
1746	1.57612	0
1748	1.5761	0
1750	1.57609	0
1752	1.57607	0
1754	1.57605	0
1756	1.57604	0
1758	1.57602	0
1760	1.576	0
1762	1.57599	0
1764	1.57597	0
1766	1.57596	0
1768	1.57594	0
1770	1.57592	0
1772	1.57591	0
1774	1.57589	0
1776	1.57587	0
1778	1.57586	0
1780	1.57584	0
1782	1.57583	0
1784	1.57581	0
1786	1.57579	0
1788	1.57578	0
1790	1.57576	0
1792	1.57574	0
1794	1.57573	0
1796	1.57571	0
1798	1.5757	0
1800	1.57568	0
1802	1.57566	0
1804	1.57565	0
1806	1.57563	0
1808	1.57561	0
1810	1.5756	0
1812	1.57558	0
1814	1.57557	0
1816	1.57555	0
1818	1.57553	0
1820	1.57552	0
1822	1.5755	0
1824	1.57548	0
1826	1.57547	0
1828	1.57545	0
1830	1.57544	0
1832	1.57542	0
1834	1.5754	0
1836	1.57539	0
1838	1.57537	0
1840	1.57536	0
1842	1.57534	0
1844	1.57532	0
1846	1.57531	0
1848	1.57529	0
1850	1.57527	0
1852	1.57526	0
1854	1.57524	0
1856	1.57523	0
1858	1.57521	0
1860	1.57519	0
1862	1.57518	0
1864	1.57516	0
1866	1.57514	0
1868	1.57513	0
1870	1.57511	0
1872	1.5751	0
1874	1.57508	0
1876	1.57506	0
1878	1.57505	0
1880	1.57503	0
1882	1.57501	0
1884	1.575	0
1886	1.57498	0
1888	1.57497	0
1890	1.57495	0
1892	1.57493	0
1894	1.57492	0
1896	1.5749	0
1898	1.57488	0
1900	1.57487	0
1902	1.57485	0
1904	1.57484	0
1906	1.57482	0
1908	1.5748	0
1910	1.57479	0
1912	1.57477	0
1914	1.57475	0
1916	1.57474	0
1918	1.57472	0
1920	1.57471	0
1922	1.57469	0
1924	1.57467	0
1926	1.57466	0
1928	1.57464	0
1930	1.57462	0
1932	1.57461	0
1934	1.57459	0
1936	1.57458	0
1938	1.57456	0
1940	1.57454	0
1942	1.57453	0
1944	1.57451	0
1946	1.57449	0
1948	1.57448	0
1950	1.57446	0
1952	1.57445	0
1954	1.57443	0
1956	1.57441	0
1958	1.5744	0
1960	1.57438	0
1962	1.57436	0
1964	1.57435	0
1966	1.57433	0
1968	1.57432	0
1970	1.5743	0
1972	1.57428	0
1974	1.57427	0
1976	1.57425	0
1978	1.57424	0
1980	1.57422	0
1982	1.5742	0
1984	1.57419	0
1986	1.57417	0
1988	1.57415	0
1990	1.57414	0
1992	1.57412	0
1994	1.57411	0
1996	1.57409	0
1998	1.57407	0
2000	1.57406	0
