LED1	2.59V	
339.86	-32.94	0
340.24	-32.94	0
340.621	-32.94	0
341.001	-17.34	0
341.381	4.95	0
341.762	-21.8	0
342.142	31.7	0
342.522	-3.96	0
342.902	-53	0
343.282	13.87	0
343.662	51.76	0
344.042	2.72	0
344.422	4.95	0
344.802	4.95	0
345.182	13.87	0
345.562	4.95	0
345.942	33.93	0
346.322	27.24	0
346.702	91.89	0
347.082	51.76	0
347.461	25.02	0
347.841	71.83	0
348.221	9.41	0
348.601	25.02	0
348.98	91.89	0
349.36	29.47	0
349.739	7.18	0
350.119	78.51	0
350.498	31.7	0
350.878	67.37	0
351.257	58.45	0
351.637	47.31	0
352.016	49.54	0
352.395	65.14	0
352.774	111.95	0
353.154	22.79	0
353.533	11.64	0
353.912	78.51	0
354.291	13.87	0
354.67	-10.65	0
355.049	107.49	0
355.428	38.39	0
355.807	-3.96	0
356.186	31.7	0
356.565	-3.96	0
356.944	51.76	0
357.323	33.93	0
357.702	-17.34	0
358.081	-15.11	0
358.46	38.39	0
358.838	40.62	0
359.217	42.85	0
359.596	-35.17	0
359.974	45.08	0
360.353	18.33	0
360.731	20.56	0
361.11	65.14	0
361.488	47.31	0
361.867	82.97	0
362.245	9.41	0
362.624	29.47	0
363.002	9.41	0
363.38	74.06	0
363.759	36.16	0
364.137	74.06	0
364.515	138.7	0
364.893	74.06	0
365.272	105.26	0
365.65	45.08	0
366.028	45.08	0
366.406	29.47	0
366.784	13.87	0
367.162	11.64	0
367.54	82.97	0
367.918	58.45	0
368.295	40.62	0
368.673	69.6	0
369.051	7.18	0
369.429	-21.8	0
369.807	69.6	0
370.184	25.02	0
370.562	125.32	0
370.94	27.24	0
371.317	38.39	0
371.695	-10.65	0
372.072	7.18	0
372.45	40.62	0
372.827	25.02	0
373.205	18.33	0
373.582	0.5	0
373.959	82.97	0
374.337	31.7	0
374.714	94.12	0
375.091	22.79	0
375.468	49.54	0
375.846	-21.8	0
376.223	11.64	0
376.6	58.45	0
376.977	49.54	0
377.354	45.08	0
377.731	-12.88	0
378.108	69.6	0
378.485	33.93	0
378.862	29.47	0
379.239	96.35	0
379.616	96.35	0
379.992	22.79	0
380.369	-1.73	0
380.746	40.62	0
381.123	42.85	0
381.499	67.37	0
381.876	38.39	0
382.252	67.37	0
382.629	45.08	0
383.005	2.72	0
383.382	67.37	0
383.758	82.97	0
384.135	67.37	0
384.511	40.62	0
384.888	11.64	0
385.264	71.83	0
385.64	-10.65	0
386.016	27.24	0
386.393	58.45	0
386.769	100.8	0
387.145	120.87	0
387.521	31.7	0
387.897	-30.71	0
388.273	47.31	0
388.649	27.24	0
389.025	38.39	0
389.401	-15.11	0
389.777	33.93	0
390.153	11.64	0
390.529	89.66	0
390.904	16.1	0
391.28	65.14	0
391.656	62.91	0
392.031	85.2	0
392.407	42.85	0
392.783	69.6	0
393.158	16.1	0
393.534	65.14	0
393.909	31.7	0
394.285	38.39	0
394.66	47.31	0
395.036	-28.48	0
395.411	91.89	0
395.786	27.24	0
396.162	140.93	0
396.537	33.93	0
396.912	56.22	0
397.287	111.95	0
397.662	74.06	0
398.037	116.41	0
398.413	53.99	0
398.788	42.85	0
399.163	100.8	0
399.538	71.83	0
399.913	74.06	0
400.287	82.97	0
400.662	60.68	0
401.037	89.66	0
401.412	85.2	0
401.787	132.01	0
402.161	100.8	0
402.536	103.03	0
402.911	78.51	0
403.285	123.09	0
403.66	129.78	0
404.034	87.43	0
404.409	149.84	0
404.783	136.47	0
405.158	100.8	0
405.532	167.68	0
405.907	103.03	0
406.281	91.89	0
406.655	80.74	0
407.03	123.09	0
407.404	189.97	0
407.778	107.49	0
408.152	120.87	0
408.526	181.05	0
408.9	201.11	0
409.274	147.61	0
409.648	167.68	0
410.022	196.65	0
410.396	207.8	0
410.77	181.05	0
411.144	254.61	0
411.518	285.82	0
411.892	259.07	0
412.265	259.07	0
412.639	285.82	0
413.013	359.38	0
413.387	357.15	0
413.76	339.32	0
414.134	455.23	0
414.507	510.96	0
414.881	484.21	0
415.254	593.43	0
415.628	624.64	0
416.001	684.82	0
416.374	720.49	0
416.748	776.22	0
417.121	724.95	0
417.494	869.84	0
417.868	921.11	0
418.241	1010.27	0
418.614	1150.7	0
418.987	1161.85	0
419.36	1251.01	0
419.733	1436.02	0
420.106	1460.54	0
420.479	1592.06	0
420.852	1852.86	0
421.225	1819.43	0
421.598	2131.5	0
421.971	2193.91	0
422.343	2559.48	0
422.716	2650.87	0
423.089	2840.35	0
423.462	3168.02	0
423.834	3288.39	0
424.207	3707.46	0
424.579	3776.56	0
424.952	4153.27	0
425.324	4373.95	0
425.697	4728.38	0
426.069	5198.71	0
426.442	5671.28	0
426.814	5954.37	0
427.186	6380.13	0
427.559	6975.29	0
427.931	7352.01	0
428.303	7953.86	0
428.675	8700.6	0
429.047	9157.56	0
429.42	9786.16	0
429.792	10597.55	0
430.164	11188.26	0
430.536	12015.25	0
430.908	12955.92	0
431.28	13718.26	0
431.651	15213.98	0
432.023	15907.22	0
432.395	16698.55	0
432.767	17793.02	0
433.139	19266.45	0
433.51	20693.06	0
433.882	21682.77	0
434.254	22975.64	0
434.625	24159.28	0
434.997	26025.02	0
435.368	27369.16	0
435.74	29390.94	0
436.111	30982.5	0
436.483	33008.74	0
436.854	34680.55	0
437.225	36617.62	0
437.597	38492.28	0
437.968	40052.63	0
438.339	42094.47	0
438.71	43891.11	0
439.081	45689.98	0
439.453	47299.38	0
439.824	48527.6	0
440.195	50703.19	0
440.566	51837.79	0
440.937	53763.72	0
441.308	53895.23	0
441.679	54989.71	0
442.049	56182.27	0
442.42	56964.68	0
442.791	57537.55	0
443.162	58418.04	0
443.532	59035.49	0
443.903	59574.93	0
444.274	60600.31	0
444.644	60236.97	0
445.015	60439.81	0
445.385	60734.05	0
445.756	60901.23	0
446.126	61106.31	0
446.497	61888.72	0
446.867	61509.77	0
447.238	61893.18	0
447.608	62107.17	0
447.978	62040.3	0
448.348	61752.74	0
448.719	61627.92	0
449.089	61612.31	0
449.459	61540.98	0
449.829	61306.93	0
450.199	61378.26	0
450.569	60691.7	0
450.939	60390.77	0
451.309	60502.23	0
451.679	60092.08	0
452.049	59325.27	0
452.419	58932.96	0
452.788	58569.62	0
453.158	57789.44	0
453.528	57140.77	0
453.898	56712.79	0
454.267	55696.33	0
454.637	54679.87	0
455.006	54122.6	0
455.376	52943.41	0
455.745	51922.49	0
456.115	50203.87	0
456.484	49113.85	0
456.854	47393	0
457.223	45796.98	0
457.592	44479.59	0
457.962	43226.85	0
458.331	40906.37	0
458.7	40721.36	0
459.069	37783.43	0
459.438	37139.22	0
459.807	35826.3	0
460.176	34598.07	0
460.545	33071.15	0
460.914	32420.26	0
461.283	30995.88	0
461.652	29319.61	0
462.021	28786.86	0
462.39	27652.25	0
462.759	26733.87	0
463.128	25998.27	0
463.496	24828.01	0
463.865	24377.73	0
464.234	23140.59	0
464.602	22712.61	0
464.971	22398.31	0
465.339	21769.71	0
465.708	20878.07	0
466.076	20204.89	0
466.445	18994.5	0
466.813	19244.16	0
467.181	18698.03	0
467.55	17871.04	0
467.918	17316	0
468.286	16870.19	0
468.654	16272.79	0
469.023	15911.68	0
469.391	15314.29	0
469.759	14814.97	0
470.127	14300.05	0
470.495	14057.08	0
470.863	13439.63	0
471.231	13230.09	0
471.599	12677.28	0
471.966	12291.65	0
472.334	11707.63	0
472.702	11649.68	0
473.07	11261.82	0
473.437	10519.53	0
473.805	10191.86	0
474.173	10000.16	0
474.54	9766.1	0
474.908	9253.41	0
475.275	8950.26	0
475.643	8658.25	0
476.01	8555.71	0
476.378	8134.41	0
476.745	7860.24	0
477.112	7659.62	0
477.48	7354.24	0
477.847	7204.89	0
478.214	6944.08	0
478.581	6647.62	0
478.949	6562.91	0
479.316	6290.96	0
479.683	5981.12	0
480.05	5894.19	0
480.417	5758.21	0
480.784	5642.3	0
481.151	5506.33	0
481.517	5377.04	0
481.884	5325.77	0
482.251	4975.81	0
482.618	4879.96	0
482.985	4723.92	0
483.351	4632.53	0
483.718	4556.74	0
484.085	4380.64	0
484.451	4311.54	0
484.818	4146.59	0
485.184	4061.88	0
485.551	3903.62	0
485.917	3856.81	0
486.283	3774.33	0
486.65	3774.33	0
487.016	3442.2	0
487.382	3375.32	0
487.749	3330.74	0
488.115	3136.81	0
488.481	3078.86	0
488.847	3000.84	0
489.213	2833.66	0
489.579	2789.08	0
489.945	2784.62	0
490.311	2617.44	0
490.677	2432.42	0
491.043	2539.42	0
491.409	2338.8	0
491.775	2283.07	0
492.14	2093.6	0
492.506	2133.73	0
492.872	2229.58	0
493.238	2035.65	0
493.603	1988.84	0
493.969	1915.28	0
494.334	1899.67	0
494.7	1864.01	0
495.065	1725.8	0
495.431	1761.47	0
495.796	1703.51	0
496.161	1741.41	0
496.527	1612.12	0
496.892	1585.37	0
497.257	1520.73	0
497.622	1458.31	0
497.988	1337.94	0
498.353	1433.79	0
498.718	1369.15	0
499.083	1326.8	0
499.448	1255.47	0
499.813	1204.2	0
500.178	1259.93	0
500.543	1188.6	0
510.38	653.62	0
510.744	624.64	0
520.552	312.57	0
530.694	263.53	0
540.444	274.67	0
550.525	198.88	0
550.884	174.36	0
560.575	85.2	0
560.933	13.87	0
570.593	85.2	0
580.223	107.49	0
590.533	147.61	0
590.888	51.76	0
591.243	67.37	0
591.598	125.32	0
600.101	53.99	0
600.455	125.32	0
600.809	82.97	0
601.163	87.43	0
601.516	65.14	0
601.87	78.51	0
602.223	98.57	0
602.577	140.93	0
602.93	78.51	0
603.284	71.83	0
603.637	76.28	0
603.991	103.03	0
604.344	49.54	0
604.697	49.54	0
605.051	89.66	0
605.404	36.16	0
605.757	100.8	0
606.11	51.76	0
606.463	91.89	0
606.816	181.05	0
607.169	67.37	0
607.522	136.47	0
607.875	134.24	0
608.228	105.26	0
608.581	125.32	0
608.934	158.76	0
609.287	140.93	0
609.639	96.35	0
609.992	132.01	0
610.345	147.61	0
610.697	125.32	0
611.05	160.99	0
611.402	189.97	0
611.755	147.61	0
612.107	167.68	0
612.459	205.57	0
612.812	156.53	0
613.164	140.93	0
613.516	223.4	0
613.869	118.64	0
614.221	140.93	0
614.573	152.07	0
614.925	174.36	0
615.277	98.57	0
615.629	125.32	0
615.981	116.41	0
616.333	172.13	0
616.685	74.06	0
617.037	123.09	0
617.388	118.64	0
617.74	78.51	0
618.092	94.12	0
618.444	116.41	0
618.795	27.24	0
619.147	65.14	0
619.498	47.31	0
619.85	18.33	0
620.201	69.6	0
620.553	51.76	0
620.904	149.84	0
621.255	58.45	0
621.607	60.68	0
630.375	138.7	0
630.726	96.35	0
640.514	103.03	0
640.863	53.99	0
650.269	87.43	0
650.616	89.66	0
650.964	96.35	0
651.312	109.72	0
651.659	218.95	0
652.007	80.74	0
652.355	16.1	0
652.702	27.24	0
653.05	20.56	0
653.397	65.14	0
653.744	49.54	0
654.092	89.66	0
654.439	29.47	0
654.786	-17.34	0
655.133	7.18	0
655.481	58.45	0
655.828	22.79	0
656.175	65.14	0
656.522	107.49	0
656.869	-8.42	0
657.216	27.24	0
657.563	38.39	0
657.909	67.37	0
658.256	13.87	0
658.603	45.08	0
658.95	42.85	0
659.296	80.74	0
659.643	76.28	0
659.99	13.87	0
660.336	51.76	0
660.683	87.43	0
661.029	96.35	0
661.376	74.06	0
661.722	103.03	0
662.068	62.91	0
662.415	65.14	0
662.761	94.12	0
663.107	40.62	0
663.453	74.06	0
663.799	94.12	0
664.146	82.97	0
664.492	80.74	0
664.838	100.8	0
665.183	56.22	0
665.529	40.62	0
665.875	49.54	0
666.221	56.22	0
666.567	33.93	0
666.913	71.83	0
667.258	96.35	0
667.604	103.03	0
667.95	105.26	0
668.295	58.45	0
668.641	33.93	0
668.986	65.14	0
669.331	53.99	0
669.677	31.7	0
670.022	51.76	0
670.367	58.45	0
670.713	9.41	0
671.058	9.41	0
671.403	56.22	0
671.748	18.33	0
672.093	42.85	0
672.438	78.51	0
672.783	4.95	0
673.128	31.7	0
673.473	2.72	0
673.818	154.3	0
674.163	51.76	0
674.508	9.41	0
674.852	47.31	0
675.197	74.06	0
675.542	82.97	0
675.886	89.66	0
676.231	16.1	0
676.575	31.7	0
676.92	18.33	0
677.264	80.74	0
677.609	-30.71	0
677.953	87.43	0
678.297	20.56	0
678.641	33.93	0
678.986	33.93	0
679.33	22.79	0
679.674	20.56	0
680.018	2.72	0
680.362	58.45	0
680.706	74.06	0
681.05	42.85	0
681.394	100.8	0
681.738	29.47	0
682.082	36.16	0
682.425	80.74	0
682.769	-17.34	0
683.113	13.87	0
683.456	85.2	0
683.8	85.2	0
684.143	85.2	0
684.487	4.95	0
684.83	53.99	0
685.174	-12.88	0
685.517	33.93	0
685.86	109.72	0
686.204	20.56	0
686.547	60.68	0
686.89	82.97	0
687.233	18.33	0
687.576	82.97	0
687.919	105.26	0
688.263	51.76	0
688.605	49.54	0
688.948	36.16	0
689.291	116.41	0
689.634	82.97	0
689.977	80.74	0
690.32	56.22	0
690.662	42.85	0
691.005	67.37	0
691.348	29.47	0
691.69	45.08	0
692.033	40.62	0
692.375	96.35	0
692.718	27.24	0
693.06	107.49	0
693.402	123.09	0
700.24	96.35	0
