phosphor		
wavelength	intensity	not used
356.565	117.15	0
356.944	88.17	0
357.323	70.34	0
357.702	63.65	0
358.081	45.82	0
358.46	41.36	0
358.838	30.22	0
359.217	83.71	0
359.596	52.51	0
359.974	7.93	0
360.353	54.74	0
360.731	92.63	0
361.11	79.26	0
361.488	68.11	0
361.867	132.75	0
362.245	106.01	0
362.624	16.84	0
363.002	61.42	0
363.38	54.74	0
363.759	68.11	0
364.137	74.8	0
364.515	0	0
364.893	79.26	0
365.272	39.13	0
365.65	16.84	0
366.028	70.34	0
366.406	0	0
366.784	21.3	0
367.162	77.03	0
367.54	43.59	0
367.918	54.74	0
368.295	0	0
368.673	32.45	0
369.051	54.74	0
369.429	23.53	0
369.807	65.88	0
370.184	32.45	0
370.562	12.38	0
370.94	25.76	0
371.317	83.71	0
371.695	106.01	0
372.072	48.05	0
372.45	74.8	0
372.827	43.59	0
373.205	0	0
373.582	52.51	0
373.959	30.22	0
374.337	50.28	0
374.714	30.22	0
375.091	88.17	0
375.468	52.51	0
375.846	65.88	0
376.223	54.74	0
376.6	39.13	0
376.977	150.59	0
377.354	36.9	0
377.731	48.05	0
378.108	94.86	0
378.485	68.11	0
378.862	56.97	0
379.239	21.3	0
379.616	43.59	0
379.992	85.94	0
380.369	39.13	0
380.746	54.74	0
381.123	77.03	0
381.499	0	0
381.876	81.49	0
382.252	43.59	0
382.629	19.07	0
383.005	65.88	0
383.382	32.45	0
383.758	59.19	0
384.135	25.76	0
384.511	39.13	0
384.888	48.05	0
385.264	50.28	0
385.64	12.38	0
386.016	85.94	0
386.393	112.69	0
386.769	77.03	0
387.145	10.15	0
387.521	0	0
387.897	36.9	0
388.273	45.82	0
388.649	101.55	0
389.025	0	0
389.401	41.36	0
389.777	0	0
390.153	16.84	0
390.529	39.13	0
390.904	43.59	0
391.28	39.13	0
391.656	90.4	0
392.031	14.61	0
392.407	61.42	0
392.783	65.88	0
393.158	90.4	0
393.534	70.34	0
393.909	59.19	0
394.285	77.03	0
394.66	141.67	0
395.036	72.57	0
395.411	56.97	0
395.786	161.73	0
396.162	141.67	0
396.537	152.82	0
396.912	103.78	0
397.287	134.98	0
397.662	88.17	0
398.037	123.84	0
398.413	148.36	0
398.788	81.49	0
399.163	170.65	0
399.538	181.79	0
399.913	181.79	0
400.287	157.27	0
400.662	277.64	0
401.037	201.86	0
401.412	213	0
401.787	346.75	0
402.161	279.87	0
402.536	286.56	0
402.911	235.29	0
403.285	364.58	0
403.66	326.68	0
404.034	391.33	0
404.409	455.97	0
404.783	467.12	0
405.158	476.03	0
405.532	569.65	0
405.907	620.92	0
406.281	594.17	0
406.655	598.63	0
407.03	801.48	0
407.404	843.83	0
407.778	990.95	0
408.152	973.12	0
408.526	1055.59	0
408.9	1207.17	0
409.274	1253.98	0
409.648	1369.89	0
410.022	1550.45	0
410.396	1650.76	0
410.77	1804.57	0
411.144	1911.56	0
411.518	2051.99	0
411.892	2156.76	0
412.265	2437.62	0
412.639	2656.07	0
413.013	2736.32	0
413.387	3026.1	0
413.76	3309.2	0
414.134	3590.06	0
414.507	3656.93	0
414.881	4116.12	0
415.254	4457.17	0
415.628	4588.69	0
416.001	4934.2	0
416.374	5174.94	0
416.748	5609.61	0
417.121	6015.3	0
417.494	6207	0
417.868	6753.13	0
418.241	7154.36	0
418.614	7531.08	0
418.987	7749.53	0
419.36	8358.07	0
419.733	8759.3	0
420.106	9011.19	0
420.479	9670.99	0
420.852	9858.24	0
421.225	10136.87	0
421.598	10551.48	0
421.971	10830.12	0
422.343	11148.88	0
422.716	11476.55	0
423.089	11835.43	0
423.462	11937.97	0
423.834	12207.69	0
424.207	12577.72	0
424.579	12535.36	0
424.952	12762.73	0
425.324	12954.43	0
425.697	13253.13	0
426.069	12932.14	0
426.442	12994.56	0
426.814	13217.46	0
427.186	13295.48	0
427.559	12822.92	0
427.931	12905.39	0
428.303	12858.58	0
428.675	12900.93	0
429.047	12383.79	0
429.42	12314.69	0
429.792	12009.3	0
430.164	11875.56	0
430.536	11329.43	0
430.908	11374.01	0
431.28	10732.04	0
431.651	10625.04	0
432.023	10194.83	0
432.395	9494.9	0
432.767	9256.39	0
433.139	9218.49	0
433.51	8761.53	0
433.882	8242.15	0
434.254	7829.77	0
434.625	7386.19	0
434.997	7290.34	0
435.368	6860.12	0
435.74	6412.08	0
436.111	5874.87	0
436.483	5921.68	0
436.854	5299.77	0
437.225	5112.52	0
437.597	4735.81	0
437.968	4372.47	0
438.339	4127.27	0
438.71	3859.78	0
439.081	3587.83	0
439.453	3398.36	0
439.824	2985.98	0
440.195	2738.55	0
440.566	2627.1	0
440.937	2451	0
441.308	2179.05	0
441.679	2051.99	0
442.049	1860.29	0
442.42	1846.92	0
442.791	1548.22	0
443.162	1548.22	0
443.532	1354.29	0
443.903	1218.32	0
444.274	1138.07	0
444.644	955.29	0
445.015	995.41	0
445.385	890.64	0
445.756	774.73	0
446.126	739.06	0
446.497	683.34	0
446.867	574.11	0
447.238	580.8	0
447.608	500.55	0
447.978	551.82	0
448.348	444.83	0
448.719	471.57	0
449.089	389.1	0
449.459	348.98	0
449.829	322.23	0
450.199	360.12	0
450.569	348.98	0
450.939	246.44	0
451.309	213	0
451.679	237.52	0
452.049	219.69	0
452.419	255.35	0
452.788	255.35	0
453.158	228.6	0
453.528	239.75	0
453.898	163.96	0
454.267	192.94	0
454.637	224.15	0
455.006	195.17	0
455.376	126.07	0
455.745	217.46	0
456.115	177.34	0
456.484	170.65	0
456.854	184.02	0
457.223	59.19	0
457.592	119.38	0
457.962	103.78	0
458.331	146.13	0
458.7	139.44	0
459.069	150.59	0
459.438	159.5	0
459.807	130.53	0
460.176	108.23	0
460.545	168.42	0
460.914	170.65	0
461.283	90.4	0
461.652	101.55	0
462.021	184.02	0
462.39	168.42	0
462.759	195.17	0
463.128	166.19	0
463.496	237.52	0
463.865	152.82	0
464.234	161.73	0
464.602	77.03	0
464.971	137.21	0
465.339	208.54	0
465.708	150.59	0
466.076	157.27	0
466.445	148.36	0
466.813	184.02	0
467.181	213	0
467.55	215.23	0
467.918	184.02	0
468.286	217.46	0
468.654	199.63	0
469.023	210.77	0
469.391	270.96	0
469.759	257.58	0
470.127	288.79	0
470.495	317.77	0
470.863	282.1	0
471.231	304.39	0
471.599	351.2	0
471.966	377.95	0
472.334	398.01	0
472.702	507.24	0
473.07	489.41	0
473.437	444.83	0
473.805	554.05	0
474.173	616.46	0
474.54	574.11	0
474.908	669.96	0
475.275	696.71	0
475.643	743.52	0
476.01	790.33	0
476.378	846.06	0
476.745	986.49	0
477.112	979.81	0
477.48	1106.86	0
477.847	1258.44	0
478.214	1289.65	0
478.581	1523.7	0
478.949	1612.86	0
479.316	1695.34	0
479.683	1773.36	0
480.05	2011.87	0
480.417	2237.01	0
480.784	2446.54	0
481.151	2520.1	0
481.517	2640.47	0
481.884	2923.56	0
482.251	3144.24	0
482.618	3393.9	0
482.985	3603.43	0
483.351	3790.68	0
483.718	4069.31	0
484.085	4261.01	0
484.451	4586.46	0
484.818	5083.54	0
485.184	5464.72	0
485.551	5758.96	0
485.917	6256.04	0
486.283	6311.77	0
486.65	6811.08	0
487.016	7103.09	0
487.382	7185.57	0
487.749	7747.3	0
488.115	8342.46	0
488.481	8612.18	0
488.847	8955.46	0
489.213	9227.41	0
489.579	9784.68	0
489.945	10270.62	0
490.311	10471.23	0
490.677	10580.46	0
491.043	11113.21	0
491.409	11489.93	0
491.775	11799.77	0
492.14	12201	0
492.506	12323.6	0
492.872	12958.89	0
493.238	13293.25	0
493.603	13607.55	0
493.969	13997.64	0
494.334	14193.8	0
494.7	14871.44	0
495.065	15045.31	0
495.431	15138.93	0
495.796	15303.88	0
496.161	15950.32	0
496.527	16084.06	0
496.892	16349.32	0
497.257	16864.24	0
497.622	17238.73	0
497.988	17446.03	0
498.353	17619.9	0
498.718	18016.68	0
499.083	18353.27	0
499.448	18478.1	0
499.813	19247.13	0
500.178	19084.41	0
500.543	19755.36	0
500.908	19840.06	0
501.272	20314.86	0
501.637	20308.17	0
502.002	20820.86	0
502.367	21059.37	0
502.731	21280.05	0
503.096	21674.6	0
503.46	21971.07	0
503.825	22508.28	0
504.19	22630.88	0
504.554	23172.54	0
504.918	23214.89	0
505.283	23569.32	0
505.647	23885.85	0
506.011	24273.71	0
506.376	24953.58	0
506.74	25236.67	0
507.104	25426.14	0
507.468	25847.44	0
507.832	26277.65	0
508.197	27233.93	0
508.561	27082.35	0
508.925	27695.35	0
509.289	27994.05	0
509.653	28283.83	0
510.016	28707.35	0
510.38	29195.52	0
510.744	29681.46	0
511.108	30495.08	0
511.472	30441.58	0
511.835	31692.09	0
512.199	31892.71	0
512.563	32403.17	0
512.926	32737.53	0
513.29	33354.99	0
513.653	34126.25	0
514.017	34708.04	0
514.38	35775.77	0
514.744	36036.57	0
515.107	36865.79	0
515.47	37318.29	0
515.833	37730.67	0
516.197	38903.17	0
516.56	39012.4	0
516.923	39823.78	0
517.286	40802.35	0
517.649	41085.44	0
518.012	41972.62	0
518.375	43593.16	0
518.738	43724.67	0
519.101	44571.73	0
519.464	45142.37	0
519.827	46078.58	0
520.19	46486.51	0
520.552	47400.43	0
520.915	47772.69	0
521.278	48697.76	0
521.641	49263.94	0
522.003	49647.34	0
522.366	50730.68	0
522.728	51036.06	0
523.091	51176.49	0
523.453	52353.45	0
523.816	52574.13	0
524.178	53100.19	0
524.54	53332.02	0
524.903	54020.8	0
525.265	54544.64	0
525.627	54457.7	0
525.989	54990.45	0
526.351	55173.24	0
526.713	55908.83	0
527.076	56131.74	0
527.438	56704.62	0
527.8	56820.53	0
528.162	57023.38	0
528.523	57524.92	0
528.885	57594.02	0
529.247	57955.13	0
529.609	58055.44	0
529.971	58427.7	0
530.332	58532.46	0
530.694	58713.02	0
531.056	58864.6	0
531.417	59194.5	0
531.779	59404.03	0
532.14	59437.47	0
532.502	59849.85	0
532.863	59829.79	0
533.225	59809.73	0
533.586	60041.55	0
533.947	60380.37	0
534.309	60465.08	0
534.67	60794.98	0
535.031	60687.99	0
535.392	60819.5	0
535.753	61153.86	0
536.114	61169.47	0
536.475	61249.71	0
536.836	61278.69	0
537.197	61592.99	0
537.558	61441.42	0
537.919	61557.33	0
538.28	61764.63	0
538.641	61960.79	0
539.002	62119.06	0
539.362	61942.96	0
539.723	62123.51	0
540.084	62272.86	0
540.444	62052.18	0
540.805	62471.25	0
541.165	62366.48	0
541.526	62341.96	0
541.886	62564.87	0
542.247	62495.77	0
542.607	62654.04	0
542.967	62816.76	0
543.328	62825.68	0
543.688	62687.47	0
544.048	62914.84	0
544.408	62972.79	0
544.768	62934.9	0
545.128	62970.57	0
545.489	62975.02	0
545.849	63186.79	0
546.209	63104.31	0
546.568	63115.46	0
546.928	62988.4	0
547.288	63019.61	0
547.648	63324.99	0
548.008	63184.56	0
548.367	63244.74	0
548.727	63202.39	0
549.087	63144.43	0
549.446	63175.64	0
549.806	63137.75	0
550.166	63133.29	0
550.525	63095.39	0
550.884	62948.27	0
551.244	63162.27	0
551.603	63246.97	0
551.963	63028.52	0
552.322	63153.35	0
552.681	63015.15	0
553.04	62925.98	0
553.4	63064.19	0
553.759	62872.49	0
554.118	62903.69	0
554.477	62807.84	0
554.836	62591.62	0
555.195	62720.91	0
555.554	62638.43	0
555.913	62812.3	0
556.271	62538.12	0
556.63	62482.4	0
556.989	62504.69	0
557.348	62440.04	0
557.706	62317.44	0
558.065	62408.84	0
558.424	62076.7	0
558.782	61967.48	0
559.141	62009.83	0
559.499	61851.57	0
559.858	61771.32	0
560.216	61590.76	0
560.575	61840.42	0
560.933	61568.47	0
561.291	61410.21	0
561.649	61341.11	0
562.008	61410.21	0
562.366	61107.05	0
562.724	61220.74	0
563.082	61044.64	0
563.44	60866.31	0
563.798	60772.69	0
564.156	60594.36	0
564.514	60719.19	0
564.872	60349.17	0
565.23	60291.21	0
565.588	60322.42	0
565.945	60324.65	0
566.303	60282.29	0
566.661	59974.68	0
567.018	59950.16	0
567.376	59967.99	0
567.734	59647	0
568.091	59455.3	0
568.449	59297.04	0
568.806	59259.14	0
569.163	59158.84	0
569.521	59074.13	0
569.878	58797.72	0
570.235	58541.38	0
570.593	58697.42	0
570.95	58465.59	0
571.307	58481.2	0
571.664	58354.14	0
572.021	58356.37	0
572.378	58120.08	0
572.735	58066.59	0
573.092	57863.74	0
573.449	57654.21	0
573.806	57578.42	0
574.163	57482.57	0
574.52	57255.2	0
574.876	57290.87	0
575.233	57154.89	0
575.59	57103.62	0
575.946	56800.47	0
576.303	56791.55	0
576.659	56666.72	0
577.016	56249.88	0
577.372	56475.02	0
577.729	56417.07	0
578.085	56209.76	0
578.442	56076.02	0
578.798	55915.52	0
579.154	55777.32	0
579.51	55498.68	0
579.867	55463.02	0
580.223	55293.61	0
580.579	54999.37	0
580.935	55197.76	0
581.291	55157.63	0
581.647	54825.5	0
582.003	54631.57	0
582.359	54580.3	0
582.715	54390.83	0
583.07	54065.38	0
583.426	54141.17	0
583.782	54076.53	0
584.138	53942.78	0
584.493	53800.12	0
584.849	53347.62	0
585.204	53358.77	0
585.56	53309.73	0
585.915	53525.95	0
586.271	53004.34	0
586.626	53046.69	0
586.982	53008.8	0
587.337	52549.61	0
587.692	52157.29	0
588.048	52409.18	0
588.403	51981.19	0
588.758	52068.13	0
589.113	52130.54	0
589.468	51869.74	0
589.823	51303.55	0
590.178	51466.28	0
590.533	51205.47	0
590.888	51261.2	0
591.243	50893.4	0
591.598	50507.77	0
591.952	50788.63	0
592.307	50128.83	0
592.662	50180.1	0
593.017	50202.39	0
593.371	50015.14	0
593.726	49649.57	0
594.08	49616.14	0
594.435	49205.99	0
594.789	49170.32	0
595.144	48798.06	0
595.498	48365.62	0
595.852	48457.01	0
596.207	48015.66	0
596.561	48004.51	0
596.915	47750.4	0
597.269	47188.67	0
597.623	46985.82	0
597.978	46629.17	0
598.332	46526.63	0
598.686	46684.9	0
599.04	46288.12	0
599.394	45920.32	0
599.747	45086.64	0
600.101	45073.27	0
600.455	44948.44	0
600.809	44509.31	0
601.163	44141.51	0
601.516	43709.07	0
601.87	43301.15	0
602.223	43341.27	0
602.577	42870.94	0
602.93	42478.62	0
603.284	42043.95	0
603.637	42456.33	0
603.991	41792.06	0
604.344	41221.42	0
604.697	41069.84	0
605.051	40251.77	0
605.404	39917.4	0
605.757	40287.43	0
606.11	39681.12	0
606.463	39373.51	0
606.816	38789.49	0
607.169	38892.03	0
607.522	38829.61	0
607.875	37851.04	0
608.228	37583.55	0
608.581	37474.33	0
608.934	36961.64	0
609.287	36734.27	0
609.639	36475.7	0
609.992	36098.99	0
610.345	35920.66	0
610.697	35390.14	0
611.05	35577.38	0
611.402	34569.84	0
611.755	34779.37	0
612.107	34068.29	0
612.459	33711.64	0
612.812	33323.78	0
613.164	33098.64	0
613.516	32726.39	0
613.869	32552.52	0
614.221	32398.71	0
614.573	31874.88	0
614.925	31903.85	0
615.277	31388.94	0
615.629	31141.51	0
615.981	30561.95	0
616.333	30381.39	0
616.685	30207.52	0
617.037	29835.27	0
617.388	29710.44	0
617.74	29055.09	0
618.092	29075.15	0
618.444	28415.34	0
618.795	28130.02	0
619.147	28014.11	0
619.498	27715.41	0
619.85	27519.25	0
620.201	27204.95	0
620.553	26725.7	0
620.904	26186.26	0
621.255	26045.83	0
621.607	26054.74	0
621.958	25319.15	0
622.309	25593.32	0
622.66	25363.73	0
623.012	24728.44	0
623.363	24454.26	0
623.714	24420.83	0
624.065	24024.05	0
624.416	23881.39	0
624.767	23495.76	0
625.117	23524.74	0
625.468	22927.34	0
625.819	22820.35	0
626.17	22376.76	0
626.52	22443.63	0
626.871	22218.5	0
627.222	22086.98	0
627.572	21716.95	0
627.923	21485.13	0
628.273	21384.82	0
628.624	20867.67	0
628.974	20731.7	0
629.325	20386.19	0
629.675	20314.86	0
630.025	20147.68	0
630.375	19759.82	0
630.726	19530.22	0
631.076	19360.81	0
631.426	19048.74	0
631.776	19140.13	0
632.126	18863.73	0
632.476	18571.72	0
632.826	18190.54	0
633.176	18279.71	0
633.526	18132.59	0
633.875	17711.29	0
634.225	17644.42	0
634.575	17200.83	0
634.925	16922.2	0
635.274	16940.03	0
635.624	17055.94	0
635.973	16806.28	0
636.323	16672.54	0
636.672	16402.82	0
637.022	16119.73	0
637.371	15945.86	0
637.721	16101.9	0
638.07	15734.1	0
638.419	15667.22	0
638.768	15321.72	0
639.118	15145.62	0
639.467	15036.39	0
639.816	14846.92	0
640.165	14543.77	0
640.514	14303.03	0
640.863	14343.15	0
641.212	14396.65	0
641.561	14013.25	0
641.909	13959.75	0
642.258	13768.05	0
642.607	13560.74	0
642.956	13707.86	0
643.304	13389.1	0
643.653	13190.71	0
644.002	13027.99	0
644.35	12990.1	0
644.699	12963.35	0
645.047	12539.82	0
645.395	12383.79	0
645.744	12372.64	0
646.092	12158.65	0
646.44	12212.15	0
646.789	12044.97	0
647.137	11920.14	0
647.485	11645.96	0
647.833	11554.57	0
648.181	11581.32	0
648.529	11171.17	0
648.877	11200.14	0
649.225	11079.77	0
649.573	10859.1	0
649.921	10562.63	0
650.269	10723.12	0
650.616	10544.79	0
650.964	10424.42	0
651.312	10134.64	0
651.659	10535.88	0
652.007	10110.12	0
652.355	9835.95	0
652.702	10000.9	0
653.05	9838.18	0
653.397	9577.37	0
653.744	9697.74	0
654.092	9138.24	0
654.439	9316.57	0
654.786	9247.47	0
655.133	9414.65	0
655.481	9084.75	0
655.828	8826.17	0
656.175	8739.24	0
656.522	8734.78	0
656.869	8418.25	0
657.216	8516.33	0
657.563	8373.67	0
657.909	8355.84	0
658.256	8202.03	0
658.603	8057.14	0
658.95	7916.71	0
659.296	7918.94	0
659.643	7655.9	0
659.99	7722.78	0
660.336	7762.9	0
660.683	7457.52	0
661.029	7439.68	0
661.376	7341.6	0
661.722	7276.96	0
662.068	7078.57	0
662.415	7005.01	0
662.761	6871.27	0
663.107	6909.16	0
663.453	6797.71	0
663.799	6757.58	0
664.146	6621.61	0
664.492	6597.09	0
664.838	6583.72	0
665.183	6340.75	0
665.529	6287.25	0
665.875	6224.83	0
666.221	6131.21	0
666.567	6033.13	0
666.913	5923.91	0
667.258	6059.88	0
667.604	5941.74	0
667.95	5723.29	0
668.295	5544.96	0
668.641	5567.26	0
668.986	5580.63	0
669.331	5315.37	0
669.677	5364.41	0
670.022	5145.96	0
670.367	5317.6	0
670.713	5308.68	0
671.058	5096.92	0
671.403	5125.9	0
671.748	5094.69	0
672.093	4862.87	0
672.438	4891.84	0
672.783	4751.41	0
673.128	4829.43	0
673.473	4535.19	0
673.818	4813.83	0
674.163	4619.9	0
674.508	4510.67	0
674.852	4417.05	0
675.197	4477.23	0
675.542	4401.45	0
675.886	4238.72	0
676.231	4339.03	0
676.575	4053.71	0
676.92	4098.29	0
677.264	3957.86	0
677.609	3991.29	0
677.953	3850.86	0
678.297	3890.99	0
678.641	3873.15	0
678.986	3790.68	0
679.33	3801.82	0
679.674	3661.39	0
680.018	3601.21	0
680.362	3596.75	0
680.706	3594.52	0
681.05	3465.23	0
681.394	3478.61	0
681.738	3483.06	0
682.082	3440.71	0
682.425	3422.88	0
682.769	3266.84	0
683.113	3298.05	0
683.456	3215.57	0
683.8	3124.18	0
684.143	3139.79	0
684.487	3084.06	0
684.83	3043.93	0
685.174	3012.73	0
685.517	2977.06	0
685.86	2905.73	0
686.204	2894.59	0
686.547	2787.59	0
686.89	2841.09	0
687.233	2789.82	0
687.576	2740.78	0
687.919	2696.2	0
688.263	2622.64	0
688.605	2493.35	0
688.948	2631.55	0
689.291	2589.2	0
689.634	2546.85	0
689.977	2395.27	0
690.32	2417.56	0
690.662	2444.31	0
691.005	2357.38	0
691.348	2306.11	0
691.69	2228.09	0
692.033	2297.19	0
692.375	2234.78	0
692.718	2330.63	0
693.06	2154.53	0
693.402	2312.8	0
693.745	2210.26	0
694.087	2105.49	0
694.429	2123.32	0
694.771	2029.7	0
695.113	2054.22	0
695.456	2054.22	0
695.798	2072.06	0
696.14	2067.6	0
696.482	1982.89	0
696.823	1893.73	0
697.165	1953.91	0
697.507	1846.92	0
697.849	1842.46	0
698.191	1902.65	0
698.532	1686.42	0
698.874	1822.4	0
699.216	1755.53	0
699.557	1713.17	0
699.899	1686.42	0
700.24	1693.11	0
700.581	1684.2	0
700.923	1681.97	0
701.264	1608.41	0
701.605	1619.55	0
701.947	1574.97	0
702.288	1548.22	0
702.629	1639.61	0
702.97	1615.09	0
703.311	1474.66	0
703.652	1503.64	0
703.993	1490.26	0
704.334	1441.23	0
704.675	1416.71	0
705.016	1387.73	0
705.357	1332	0
705.697	1459.06	0
706.038	1387.73	0
706.379	1367.67	0
706.719	1307.48	0
707.06	1432.31	0
707.4	1354.29	0
707.741	1340.92	0
708.081	1349.83	0
708.422	1278.5	0
708.762	1200.48	0
709.102	1256.21	0
709.443	1249.52	0
709.783	1314.17	0
710.123	1198.26	0
710.463	1200.48	0
710.803	1160.36	0
711.143	1401.1	0
711.483	1140.3	0
711.823	1115.78	0
712.163	1155.9	0
712.503	1060.05	0
712.843	1126.92	0
713.182	984.26	0
713.522	1060.05	0
713.862	1091.26	0
714.201	1035.53	0
714.541	1022.16	0
714.881	1008.78	0
715.22	964.2	0
715.56	953.06	0
715.899	999.87	0
716.238	868.35	0
716.578	957.51	0
716.917	1011.01	0
717.256	926.31	0
717.595	928.54	0
717.934	955.29	0
718.273	926.31	0
718.612	872.81	0
718.951	895.1	0
719.29	808.17	0
719.629	841.6	0
719.968	768.04	0
720.307	797.02	0
720.646	826	0
720.984	770.27	0
721.323	814.85	0
721.662	714.54	0
722	839.37	0
722.339	828.23	0
722.677	821.54	0
723.016	776.96	0
723.354	776.96	0
723.693	745.75	0
724.031	714.54	0
724.369	828.23	0
724.707	656.59	0
725.046	705.63	0
725.384	750.21	0
725.722	719	0
726.06	772.5	0
726.398	643.21	0
726.736	719	0
727.074	707.86	0
727.412	683.34	0
727.749	580.8	0
728.087	701.17	0
728.425	669.96	0
728.763	627.61	0
729.1	625.38	0
729.438	623.15	0
729.775	647.67	0
730.113	594.17	0
730.45	629.84	0
730.788	600.86	0
731.125	569.65	0
731.462	632.07	0
731.8	620.92	0
732.137	652.13	0
732.474	569.65	0
732.811	560.74	0
733.148	533.99	0
733.485	569.65	0
733.822	531.76	0
734.159	487.18	0
734.496	487.18	0
734.833	531.76	0
735.17	484.95	0
735.507	502.78	0
735.843	409.16	0
736.18	545.13	0
736.517	549.59	0
736.853	493.87	0
737.19	435.91	0
737.526	449.28	0
737.863	453.74	0
738.199	511.7	0
738.535	476.03	0
738.872	502.78	0
739.208	464.89	0
739.544	362.35	0
739.88	431.45	0
740.217	476.03	0
740.553	435.91	0
740.889	377.95	0
741.225	398.01	0
741.561	442.6	0
741.897	377.95	0
742.232	415.85	0
742.568	471.57	0
742.904	366.81	0
743.24	435.91	0
743.575	411.39	0
743.911	360.12	0
744.247	328.91	0
744.582	373.5	0
744.918	415.85	0
745.253	346.75	0
745.588	311.08	0
745.924	429.22	0
746.259	353.43	0
746.594	433.68	0
746.929	302.16	0
747.265	311.08	0
747.6	291.02	0
747.935	302.16	0
748.27	380.18	0
748.605	266.5	0
748.94	333.37	0
749.275	230.83	0
749.609	304.39	0
749.944	326.68	0
750.279	306.62	0
750.614	315.54	0
750.948	304.39	0
751.283	295.48	0
751.618	342.29	0
751.952	288.79	0
752.287	277.64	0
752.621	253.12	0
752.955	273.19	0
753.29	248.67	0
753.624	279.87	0
753.958	288.79	0
754.292	362.35	0
754.627	262.04	0
754.961	355.66	0
755.295	268.73	0
755.629	311.08	0
755.963	328.91	0
756.297	273.19	0
756.63	284.33	0
756.964	257.58	0
757.298	192.94	0
757.632	282.1	0
757.965	277.64	0
758.299	266.5	0
758.633	123.84	0
758.966	255.35	0
759.3	199.63	0
759.633	255.35	0
759.967	226.38	0
760.3	270.96	0
760.633	259.81	0
760.966	206.31	0
761.3	208.54	0
761.633	213	0
761.966	217.46	0
762.299	230.83	0
762.632	248.67	0
762.965	226.38	0
763.298	208.54	0
763.631	217.46	0
763.964	177.34	0
764.297	241.98	0
764.629	275.42	0
764.962	221.92	0
765.295	130.53	0
765.627	221.92	0
765.96	208.54	0
766.292	143.9	0
766.625	179.56	0
766.957	143.9	0
767.29	170.65	0
767.622	161.73	0
767.954	141.67	0
768.286	163.96	0
768.619	175.11	0
768.951	137.21	0
769.283	137.21	0
769.615	197.4	0
769.947	150.59	0
770.279	199.63	0
770.611	186.25	0
770.943	152.82	0
771.275	141.67	0
771.606	177.34	0
771.938	175.11	0
772.27	197.4	0
772.601	188.48	0
772.933	161.73	0
773.264	157.27	0
773.596	77.03	0
773.927	143.9	0
774.259	177.34	0
774.59	112.69	0
774.921	114.92	0
775.253	143.9	0
775.584	230.83	0
775.915	137.21	0
776.246	108.23	0
776.577	150.59	0
776.908	97.09	0
777.239	148.36	0
777.57	139.44	0
777.901	112.69	0
778.232	121.61	0
778.563	137.21	0
778.893	88.17	0
779.224	97.09	0
779.555	137.21	0
779.885	108.23	0
780.216	134.98	0
780.546	130.53	0
780.877	112.69	0
781.207	70.34	0
781.538	74.8	0
781.868	101.55	0
782.198	139.44	0
782.528	97.09	0
782.859	132.75	0
783.189	83.71	0
783.519	163.96	0
783.849	85.94	0
784.179	139.44	0
784.509	179.56	0
784.839	161.73	0
785.168	148.36	0
785.498	103.78	0
785.828	90.4	0
786.158	159.5	0
786.487	141.67	0
786.817	85.94	0
787.146	155.05	0
787.476	103.78	0
787.805	139.44	0
788.135	134.98	0
788.464	132.75	0
788.793	54.74	0
789.123	85.94	0
789.452	108.23	0
789.781	119.38	0
790.11	112.69	0
790.439	56.97	0
790.768	155.05	0
791.097	79.26	0
791.426	108.23	0
791.755	121.61	0
792.084	112.69	0
792.413	59.19	0
792.742	77.03	0
793.07	106.01	0
793.399	110.46	0
793.728	88.17	0
794.056	72.57	0
794.385	117.15	0
794.713	137.21	0
795.042	181.79	0
795.37	65.88	0
795.698	63.65	0
796.026	36.9	0
796.355	70.34	0
796.683	65.88	0
797.011	108.23	0
797.339	68.11	0
797.667	123.84	0
797.995	103.78	0
798.323	34.67	0
798.651	41.36	0
798.979	79.26	0
799.307	74.8	0
799.634	128.3	0
799.962	94.86	0
